0 504 186
1 238 827 460
2
3 616
4
5 876
6 459
7 834 365
8
9 556 717
10 449
11
12
13 151 692 702 264
14
15
16 245
17
18
19
20 126 426
21
22
23 136 22
24
25 220
26 339 732
27
28
29
30 448 480
31
32
33
34 947 420 314
35
36 218 104
37 10
38
39
40 813
41
42 62 187
43 107
44
45
46
47 287 600
48 856 301 793
49
50 850 473 735
51 442
52 132 488 439 765 897 51
53
54 367
55
56 778 542
57
58
59
60
61
62 775
63
64
65 302 836
66
67 91
68 761
69
70 940 482
71
72 966
73 84 602 501 411 869 892
74
75 106
76 27 514 728
77
78 236
79
80 764
81
82 688
83 361
84
85 691 281
86
87
88
89 219 767
90 551 690 148
91 774 920 78
92
93
94 553
95 125 13 73 117 565
96 406
97 893
98
99 532 111
100
101 858
102
103 467 291 305 213 604
104
105
106
107
108 72
109
110 278 304 543 957 209
111
112
113 145 581
114
115
116
117
118
119 650 538
120
121 655
122 399 807
123
124
125 800 103 730 67 324 546 760
126
127
128
129 855 792
130 115
131
132 133 182
133 985 299 431
134 295
135
136 867 598
137 283
138 98
139 389 853
140 562
141 435
142
143 360 880 419 43 923 110
144 846
145 942
146
147
148
149 928 550
150 719
151 65 289 205 997 931 642
152 733 486 649
153
154 936 45
155 938 332 333 797
156
157
158 833
159
160 14
161
162
163 963
164
165
166 75
167 500
168
169
170 544 387
171
172
173 651 900 319
174 671 603 557 18
175 653 190 570 77
176
177
178
179
180
181
182
183 239
184
185
186
187
188
189 61
190 263
191 80 35
192 924 225
193
194 505 812
195 973 19 196
196
197 668
198
199
200 529
201 277 647
202 55
203
204
205 432 228 566
206 921 609
207
208 393
209
210 878 142
211
212
213 987 929
214
215
216 771 335
217 925 939
218
219 898 437 512
220
221 223 192
222
223
224
225 787
226
227 114
228 248
229
230 965
231 211
232
233
234 320 385
235
236
237 174
238 640 16
239
240
241
242 614
243 781 826
244 112 561
245
246
247 971
248
249 835
250
251 491 526
252 585
253 230 664 882 659 945
254
255
256 229
257 124
258 984 582
259 241
260
261
262
263
264 38
265 293
266 336
267
268
269
270 519 82 444
271 865
272
273 327 995
274 507
275
276
277
278 502
279 165
280 456
281
282 681
283 658
284
285 611
286 282
287
288 17
289 244
290
291 810 357
292
293
294 46
295
296 697
297
298
299 364
300
301 189 428
302
303 434
304 927
305 696 380
306 450
307 752
308 633
309
310 988
311 344
312
313 571 26 721
314
315
316 576
317
318 714 328 667 517 345 795
319
320 660 490 161
321 725
322 580
323
324 418
325
326 377 131
327
328 129 747 679 179 233 630 754
329
330
331
332 777
333 872 256 540 32
334
335
336
337
338
339 509
340 950
341
342
343
344 572
345 779 322
346 568
347 967 440 56
348
349
350
351 579
352
353 710
354
355 155 37 266 472 166 757 738
356
357 663
358
359
360 95 805 141
361 623
362 564
363
364
365 712
366 268 144
367
368 829
369 870 574 634 888
370 666 99 656 922
371
372 784
373 386 789
374 891
375 964 159 917 745
376
377
378 7
379
380
381 128
382 352 772
383 703 270 464
384
385 469
386 271 156 321
387
388
389 412
390 590 976
391 341
392 737 202
393
394 232 746
395 297 127
396 175
397 29
398
399
400 635
401
402 941 143 368 461 863
403 376 755
404 296
405
406
407
408 729
409 881 852
410 895 905 381
411 549 849
412 59
413 261
414
415
416 312 830 528
417 621
418
419 479
420 861
421 910
422
423 2 756 559 520
424
425
426
427
428 181 317
429 326 20 249 693
430
431
432
433
434 446
435 531
436
437 661
438
439 912 960 801 750 274
440
441
442
443 953 188
444
445
446
447
448 118
449 193 612
450
451
452
453
454
455
456 686
457 873 906 722
458
459
460 92 610
461 638
462 998 636
463
464
465
466 468 773 224
467 405
468 678
469
470
471 96 185
472
473 390 370
474
475
476 949 438
477 217 908
478 811
479 864
480
481 323
482 724 894
483 533 172
484 313 643
485
486 766
487 276
488 673 33 740
489
490
491
492
493 934 285
494
495 453
496
497 986 932
498 654
499
500
501
502
503
504 862
505
506 424
507
508 240
509 851
510 596
511
512
513
514 521
515 481
516
517 889 69
518 11
519 471 916 49
520
521 899
522
523
524 300
525
526
527 28
528
529 292
530 838 516
531
532 868
533
534
535 269
536
537 959
538
539 178 8 308
540 713
541
542 168
543 848
544
545
546
547
548 79 162
549
550 625
551
552
553
554 216
555 100
556
557 12
558
559 711
560 235
561
562
563
564
565
566
567 60 887
568 329 832 972 234 391 980 819 902
569
570 474
571 989
572
573
574
575 716
576 425
577
578
579
580
581 558 569
582
583 194 962 783
584 207
585
586 470
587
588
589 275
590 954
591 429
592
593 968
594 736
595 839 885
596 589 523
597 369 48 619 734 436 970 363
598
599
600 430
601 259
602 5 258 554
603 279 416
604
605 806
606
607 657 310
608
609 265 378 547
610
611
612
613
614
615
616
617
618 231 139
619 699
620 478 510
621
622 443 286 718
623
624 513
625
626
627
628 545
629
630 102
631
632 648 786 782
633
634 618 751 242
635 537
636
637 40 496 909 495
638
639 946
640 47 763 199
641
642
643
644
645
646 70 791
647
648
649 359 606
650
651 601 822 138
652 759
653
654 492
655 140 76 687 200
656 120
657 573
658 309
659 943 944
660 348
661 356
662 454
663
664 615 511 343
665 173 422
666 130 226
667 828 227 58
668
669 840 817 918 97 30
670
671
672 978 340 463 937
673 382 53 153
674
675 152 290
676 637 197 158
677 646 1 384 123 536
678 484
679 981 879 167 401 284
680
681
682
683
684
685 330 631 171
686
687
688
689 704 843 948
690 952 146
691
692
693
694
695
696 257
697
698
699 814 749
700
701
702
703 555 731
704 974
705 483
706
707 802 433 926 588
708
709 975
710
711 338
712
713 911
714 815 823 790 64
715 859 933 798
716 723
717
718 961
719
720
721
722
723
724
725
726 89 316 407
727 402 669 183 52 50 803 677 707 353
728 788 694
729 415
730 958
731 913
732
733 599 935
734 587
735 485
736
737 307 977
738
739 518
740
741 400 113 706
742 799 253 25 652
743 210 871
744 206 34
745 475
746
747 896 476
748 427 785 366 374 388 398
749
750
751
752 857
753
754
755
756
757 208
758 499 221 413 135 441 101 134 626
759
760
761
762
763 847 350
764
765 237 886 525 373
766
767
768 617
769 539 15 956 741 506 586 794
770
771 354
772
773 105
774
775 403 57 116
776
777 818 903 613 88
778
779
780
781 371 522
782
783
784
785 395 6 246
786 683
787
788
789
790 994 303 915 662
791 982 462 44 254
792
793
794 311
795
796 575 90 3
797
798
799 597 804 421 331 347 87
800 252 494 334
801 41 583 951 63
802 820
803 904 742 854 591 273 685 255
804 262 81 535
805 318 122 489
806
807
808
809
810 530 541
811 203
812 780
813
814 595 150
815 137 306 837 288 349
816 372 577
817 672 455 85
818
819
820 445
821 676
822 298 394
823 195 466 0
824 465
825 930
826
827
828 622 9 824 458
829 409 457 383 758 71
830 164
831 563
832 86
833
834
835 999
836 816
837 119 720
838 592 397
839
840 842 665 121 709 567
841 674
842
843
844 280
845 251 54
846
847
848
849
850 744
851 215
852
853
854 375 992 176
855 157 628
856 890
857
858 4 708
859 147
860 991 831 392 675 866 94 108 825
861
862
863 644
864
865
866 149 42 180
867
868
869
870 527 983 695 243 739 272
871
872 109 684
873
874
875 594
876
877 508
878 990
879 776
880 423 548 680
881 154 351 670
882 337 503 907 342 447
883
884
885 39
886 608 632 201
887
888
889 410 417
890
891
892
893 919
894
895 993
896
897 705 498 753
898
899
900
901 534
902
903
904 769 355 996 584
905 68 524
906 191 841 325
907
908 24
909
910 408
911
912 552 452
913
914 66
915 883 177
916 362 979
917 93 267
918 715
919
920
921 260
922
923 808
924 184
925 875 645 627
926
927
928 247 414
929
930
931 214
932 379 315
933
934 607 743 874 294 31 639
935
936
937
938 497
939
940 346
941 860 689 493 396
942
943
944
945
946 451
947
948 358
949
950 901
951 593
952 21
953
954
955 74 969
956 250
957
958
959 914
960 163 845 821 83 212 955
961
962 877
963
964
965
966
967
968
969
970
971
972 844 770
973 404
974
975 487
976
977
978
979
980 169 682
981 796 701 515 762
982 160 809
983 698 726 198 884 222 624
984
985 170 620
986 560 641
987 204
988
989
990
991 748 629 578
992
993
994
995 477 23 36 605
996
997 700
998
999 768
