0
1 1030
2
3 935
4 3989
5
6 7587
7
8 5035 9625 8411
9
10 9353 8260
11 7442 9569
12
13 8691 5233 4322 904 3470
14
15
16 939 8120
17
18 3559 1588
19
20 7853
21 1126 7923
22
23
24 4211 9662 3534
25
26 6100
27
28
29
30 6578
31 3949
32
33
34
35
36
37
38
39 4482 3121
40 5941 6675
41
42 9931 5519
43 2005 7133 3782 1085 6492 8556 2968
44
45 8789
46
47
48
49
50 8595
51 5674 7814
52
53
54 7533
55 3237 9044 2910 6226 5981 359
56
57 2655 9714
58
59 110
60 2396 545
61
62 6467
63
64
65 6360
66
67
68
69 3661 845
70 762 1907
71 8749
72 7359 871
73
74 6474
75
76
77
78
79 6434 5610 2197
80 217 9480 4399
81 212 3683
82
83
84 1205 1441
85
86 4581
87 8294
88 638
89 3847 843 6616
90
91 8436
92
93 5757 5999 5165 6997
94 1727 4042 5531
95 5632
96
97 9282 9141 6187
98 756
99
100 1501
101
102 9402 2062
103
104 5599 6174
105
106
107
108
109 340
110
111
112 8117 3692 720
113
114 3624 4940
115 1475 4413
116
117 3634
118
119 5199 8850
120
121
122 1161 8405
123 2967 9990 1411
124
125 6524
126 5781
127
128 8871 3150 1154 2579 1067
129 4357
130 2681 8464 1495
131
132 7924 7241
133 4540
134
135 5527 7598 2256 2977 597
136
137
138
139
140 1244 7971 7339
141 9026
142 9162
143
144 818
145
146 5715
147
148
149
150
151
152
153 1666 1047
154
155
156
157
158 689 9876 4244
159 3484
160 1093 1736 9651 6382
161
162
163
164
165 5572
166
167 9749 8046 7719
168 8567
169
170
171 4340
172 2654 8657 3472
173
174 1753 6761 4658
175 384 9854 4282 9784
176 7393
177
178
179
180
181 6999
182
183
184
185 1958
186
187
188 2250 9474
189 5803
190 3708
191
192
193
194
195 6740
196 6661
197
198 7012 21 3111 222
199
200 8893
201 9035
202
203 4603 9395
204 9467 401
205
206
207 7163
208 6597 5917
209 3367
210
211 5494 7228
212 6163 9754
213
214
215 5128 8728 1827 4176 7334 466 7465
216
217 9021 7396 361 6504
218 6295
219 7790 1423
220
221
222
223
224 910 6310 6880
225 7072
226 8344
227 6923 4970 746 7540 2720 451
228
229 3461
230
231 899
232
233
234 9955
235 5268 3801
236
237
238 8540 4232
239
240
241 8374 3925 6745
242
243
244 8661
245 5708 442
246
247
248 3747 137 4880
249
250 1089 4821 7217 1862
251 9504
252 7162
253
254 7911
255
256 8182 1106
257
258
259 1599 6078
260 5712
261
262
263
264
265
266 6018
267 9355 7095
268
269 2729 2079
270
271 1548 5844 5192 2783 1069
272
273
274
275
276 1130
277 7195
278 9243 8984 6573 1292
279 8736
280 2671 5440
281
282 4222
283 1117
284 3498
285
286
287 6995 2315 1803
288 6905 5914
289
290 2975 5178
291
292 9349 6394 2320
293
294 3422
295
296 5115 8321 4714 618
297 4330 8354
298
299 8331 9337
300
301
302
303 3026
304
305 9719
306 3955 3016
307 4836
308 8326
309
310
311
312
313
314
315
316
317 6506
318 6047 5146 6943
319 1580
320
321
322 9836 3433 7742
323 6695
324
325 7833
326
327
328
329 1062
330 2603 3660
331
332
333
334
335
336
337 3513 4169
338
339 1800
340 2761
341
342
343
344 6780
345 1025
346
347
348
349
350 617 8463 3057
351
352 3279
353
354
355
356
357
358 2556
359 6980
360
361 2660 6269 3898
362 9692
363 579
364
365 6950 4818
366
367
368
369
370 6664
371
372
373 344
374 6532
375
376 6449 9746
377
378 6625
379
380 8366
381 592
382
383 2239 9949 1723 1741 4157 7678
384 3487 7514 1702
385
386 4439 7775
387 1211
388 9037
389 5783 6057
390
391 6325
392
393
394
395
396
397 5741
398
399 9881
400 4354
401
402
403
404
405
406
407
408
409
410 1388 6993
411 3216 5894
412
413
414 4308
415
416 4285
417 3913 4151 4347
418 5131 6166 700 2156 2536 796
419 4112
420
421
422
423 1568
424 1139
425 8367 8504 3207 2358 6437
426 3825
427
428 4591 3490
429 7530 1162 3672
430
431
432
433
434
435
436 9589 173
437 5868
438
439
440 9821
441 7320
442 1332
443
444
445 7549
446
447
448
449 3551
450 6206 3603
451
452
453
454
455 2992
456 8348 1567
457
458
459
460 7651 5463
461
462 605
463 5117
464 4798 2911
465
466
467
468 2532
469 4916
470
471 9698 5406 4425
472
473
474 1600
475 8754
476
477 3775 4550 9065
478
479
480
481
482
483 1664 1341
484 3744
485 4342 1177 3663
486 301
487 8110
488 5528 2538 1578
489
490
491 6353
492
493
494 7762 6632 6305 8899
495 9084
496
497 6528 5029
498 3394 9342 7707
499
500
501 8771 498 2326 8270
502 6508 9649 7726 1135 6643
503 2555 6386 9454 5219
504 5903 6550 9306 4890 2577
505 1502
506 9461 3430 6285
507
508
509 2494 7298 4884
510 6990
511 2563
512
513 3170
514
515 516
516 9177
517 7374
518 7569
519 2205 8156
520 6621
521
522 1175 1850 7053 5385 6917 2920
523 2746
524 1879 3860 2771 2912
525 121
526
527
528 6662 4952 2063 226
529 2966 3546
530 8284
531 9554 1601
532 5568 3437
533
534
535 4583
536 6414 6783 1848 3542
537 2559 1634 1395
538
539 5366
540 9736 6013
541 4615 6277 291
542
543 9019
544
545
546
547
548 1842 9716
549
550
551 2313
552 2797
553 3962
554
555
556 5194 5302 7276 2044 6143 3671 6036
557 7018
558 5170 6975 8865
559 9531 3020 5491 6266
560
561
562
563
564
565 8390 1720 9939 1987 7828
566 9382 3185 9987
567
568 3781
569 7705
570 4646
571 9295 1788
572 8488 8383
573
574 9388 2645
575
576 4359 4326 4454
577 9171
578
579
580
581 8093 9785 2379
582
583
584 7321 7036 5559
585
586 701
587 7031 2674
588
589
590
591
592 1701 6556
593 7897 7102
594 9338
595 5995
596
597
598 123 1173 1912
599 6178
600
601 8154 2827 6708 8557 9586 3750
602
603 338 4661
604
605
606 5790
607
608
609
610 4289 5234 475 6996
611 6371
612
613
614 8008 7617 3210 6766
615 3263 4558
616 8856
617
618 8603
619
620
621
622
623
624 432
625 820
626
627 2366 9384
628
629 1482
630 2137
631
632 1708
633 6391
634 9149
635
636
637 7218
638 2567
639
640 6333 3858
641
642 8172
643
644
645
646 2596 2617 7662
647
648 8401
649
650
651 6399
652 6803
653 1468
654
655
656 2851 5977 8996 3156
657
658
659 3903 9321 4424
660
661 8143
662
663
664 3494
665
666
667 7176
668
669
670 2124
671
672
673
674 5830 2677 9537 8023 6076
675
676
677 4833 9024 4516 446
678 6338
679
680 1476 7002 8898
681
682 7262
683 3757
684 990
685 3616
686 861
687
688 8127 5313
689
690
691 8987
692
693
694 9020
695 8597 3146
696
697
698
699 3930 5795
700 3877
701 1794
702 7377 2607 2842 6023
703
704
705
706 8438 708
707 278 7194 3522
708
709
710
711
712 9703 3457
713
714
715
716 3188
717 4995
718 7033
719
720
721 3674 578 3611 2144 7822 5719
722
723 2879
724
725 377 3974
726 7804 1768
727
728
729 2080 6936 1008
730
731
732 1969 646 4457
733
734 2357
735 7349 7121 1340
736 2426 3332 1294
737 9117
738 9906 8904
739
740 5134 258
741 2003 1965 3144 2422
742 9894 540 5789
743
744 4746
745 7755 4141
746 7039
747 7458 4011
748
749 8902
750
751 3247 5505 4641
752 1493
753
754 252 3412 2473
755
756 7571
757
758
759 4698
760
761
762
763 6873
764 667 1854
765 8113
766
767 71 7658 4773
768
769 4420 7914
770 3000 7787
771
772 8337
773
774 5850
775 1994 9175 8152
776
777 9563
778
779
780
781 9245 116
782 2872 2886 9823 7303 5770 4178
783
784 2112 6203
785 7420
786
787
788
789
790 6403
791
792 1895 7329
793 7597
794 3918
795
796
797 3245
798
799 9362 330 1326 2021
800
801 4706
802 3371
803
804 8364 5253 1721 3096 1267
805 9447 3689 5575
806 9923 3685 398
807 7164 8271 8509 1860 3388
808
809
810 1564
811 9532
812 7907
813
814
815
816 6034
817
818
819
820
821
822
823
824
825 2088 8081
826
827
828 5264
829 6000
830 8256
831 6913 1302
832 7996
833
834 4445
835
836 6323 612 8784
837
838 1435 2589 5885 6172 1534 5511
839
840 7573
841 1257 4891
842
843 7142
844
845
846 9057
847
848 8187 4629
849
850
851
852
853
854 3517
855
856
857 3666
858
859 2657 2284
860
861
862 7336
863
864
865
866
867
868
869 1164 674 1766 4058 4327
870
871
872
873
874
875 6374 6286 6749
876 8681 9887
877 8185
878 7231 4144 5055 4501
879
880 6674 6499
881
882
883 4215 9924
884 363 2601
885
886 2868
887 5541
888 3282
889 2541 8062 3802
890
891
892
893 976
894 6851
895 1957
896 7488
897 6715
898
899 158 3297 628
900
901 9064
902
903 7577
904 3540
905
906 326
907
908
909
910
911
912 6527 7637 1651
913 1921 1352
914
915 6629
916
917
918
919
920 8814
921
922
923
924
925 5197
926
927 7572
928 9632
929
930 8179 5749
931
932
933 7446 6010
934
935 3340
936
937 1756
938
939
940 906
941
942 9505
943
944
945
946 2486 1617 8580 9693
947 9001
948 440
949 3510
950 9919 7512
951 3374
952 8249 9394 7083 7139 5596
953 4098 8687 9123
954
955
956 3563
957 6870 6747
958 894
959
960 7307 2993
961
962 167 7795
963 6365 1851 5252
964 4197 2040 3254 208
965 4312 3667
966
967
968 9101
969 8783 1289 2903
970
971 923 6912
972
973
974 7355 4135
975
976
977
978
979
980
981
982 7221
983 8688
984
985
986 2363 7629 2290 9677
987
988
989 2764
990 3552
991 1728
992
993
994
995
996
997
998 8903
999 1872
1000 7557 5727
1001
1002 2084 3819
1003
1004
1005 9438
1006 6243 2456
1007
1008
1009 7644 8560
1010
1011 2990
1012
1013
1014
1015 160 4019 3714 5705
1016 6110
1017 1242 5682
1018 6180 2528
1019
1020 855 4361
1021 2972
1022
1023
1024 7132
1025
1026
1027 7621
1028
1029 1358
1030
1031
1032
1033 5714
1034
1035 2196
1036
1037
1038
1039
1040 7622
1041
1042
1043 7589 2126
1044 1190 3405
1045
1046
1047
1048 9979 2207 8790 5019
1049
1050 9333
1051
1052
1053
1054
1055
1056 8103 5082 191
1057
1058
1059
1060 329
1061
1062
1063
1064 9031 9248 46
1065 9806
1066
1067
1068
1069
1070 8515 1167 7436 1344 8168
1071
1072
1073
1074
1075 5172
1076 9418
1077 2790 8145
1078
1079
1080 1783 9898
1081 1577
1082 1790 426
1083 734 7698 209 7729 8952 693
1084 2766 2014 9143
1085 4466 5336
1086 2380 8231
1087
1088
1089
1090
1091
1092
1093 5053 1619 2287
1094
1095
1096
1097
1098 7693
1099 5848
1100 1841 4879
1101 3278 1528
1102 9103
1103 2235
1104
1105 1797
1106
1107 2019
1108 4035 9882 8961
1109
1110
1111 3003 2830
1112
1113 1300 7526
1114 1194 2171
1115 2979
1116 7654
1117 5067 3828
1118 9673 6548
1119
1120
1121
1122
1123 5288 4612 5468
1124
1125 4640 4614 9275
1126
1127
1128 1140
1129
1130 582
1131
1132 2877 5207 1543 7319 243 8358
1133 5924 4364 5111
1134
1135
1136
1137 9595
1138 8581 3127 8767
1139
1140
1141 1596
1142 3491
1143 6264
1144
1145 80 4150 522 5196 2644 9776 5075
1146 725 5354 6279
1147 1874
1148
1149 8809
1150 895
1151
1152
1153
1154 1076 2834 2637 70 3203 9081
1155
1156 6346 7734
1157
1158
1159
1160
1161 2143 620
1162 4599
1163 8356 7466 4967
1164 4738 2224
1165
1166 233
1167
1168 2899 8892
1169
1170
1171 883
1172 2769 9566
1173
1174
1175 9233 4577
1176 4216 6011
1177 5349 6859
1178
1179
1180 8576 2907 4044 481 6899 7001
1181 437 4270 7480
1182 3095 4726
1183 2506 256
1184
1185 376 946
1186 9503
1187
1188 2700
1189
1190
1191
1192 9757
1193 4407 1087
1194 9958
1195
1196
1197
1198
1199 7167
1200 9856
1201
1202 9844
1203
1204
1205
1206
1207
1208
1209 1314
1210 9444 9788
1211
1212
1213 7635
1214 5805 2481 2788
1215 8615
1216
1217
1218 1208 6038
1219
1220
1221
1222
1223
1224
1225 7189
1226
1227 8599 6069
1228
1229 105
1230 5710 4063
1231
1232 3093
1233 4046 8682
1234
1235 6324 1510 1804 8029
1236
1237
1238
1239 802
1240 4664 8748
1241
1242 5276
1243
1244 8432
1245 9325
1246
1247 6224
1248 9598
1249 4280 3977 6712 5797 1645
1250 1146 7751
1251 3380
1252 4804 8208 7994 7877 92 5604 1353 8480
1253 5042 7993
1254 9133 6574 4087
1255 4417 4752 527
1256
1257
1258
1259 5363 2023
1260 7753 3061 752 6280 3329
1261 8458
1262
1263
1264
1265
1266 6282
1267
1268
1269
1270 5695
1271
1272 6257
1273 9560 6134
1274
1275 8669 5359 246
1276 6195 3187 9561
1277
1278 5814 5956
1279 5498
1280 7951 9439
1281
1282 4088
1283
1284
1285
1286 1706 9718 1017 6759
1287 1891
1288
1289 8838
1290 7051
1291
1292
1293
1294 602
1295
1296 5094
1297
1298 7776 1948
1299 9240 4666 8268
1300
1301
1302
1303 1097
1304 1365 3099
1305
1306
1307
1308 7894
1309 7168 9390 3638 8637 1953 7273 957
1310
1311
1312 3647
1313
1314
1315
1316
1317
1318
1319 8395 7579 2622 3796
1320
1321 9370 7695
1322
1323 3723 3926
1324 941
1325
1326 3751
1327
1328 6969
1329
1330
1331 8408
1332 3281 8598 8826
1333 2305 5870
1334 4889
1335
1336
1337
1338 2638
1339
1340
1341 2110
1342 9861
1343 2723
1344 3416 5821
1345 5203 1094 8646
1346 3821
1347 3114 104
1348 4958
1349
1350 5193 9742
1351
1352
1353
1354
1355 9490
1356 5360
1357
1358
1359
1360
1361 5921 6191 8296 1403 4164
1362 900
1363
1364
1365
1366 5043 1981
1367 3036 2866 6755
1368
1369
1370 2162
1371
1372 8
1373 4181 9871 9018
1374
1375 7482 1646 3205
1376
1377
1378
1379 9426
1380
1381
1382
1383
1384
1385
1386
1387
1388
1389
1390
1391 9956
1392
1393 593
1394
1395
1396 6543 6364
1397
1398
1399
1400 2614
1401
1402
1403 1956 2269
1404 3357 8466 1105
1405
1406 653 9668 9902 8731
1407
1408
1409 6260 2262
1410 8066
1411 9277
1412
1413
1414
1415 3613 1061 5622
1416
1417 2082
1418
1419
1420 4062
1421
1422
1423 2242
1424 238 4567
1425
1426 264
1427 2218 1553 4750 5077
1428 2768
1429 9446
1430 4871
1431 4480 4571
1432
1433 5959 5763
1434 7785
1435 1172 3383 1394 263 5309
1436
1437
1438 6388 7937 3055 7380
1439
1440 3680
1441
1442 177 6231
1443 9590
1444 836
1445
1446
1447
1448
1449
1450 6056 9599 4560
1451 8585
1452 5310 5576 8320 3116
1453
1454 8714
1455 3386 795 7566 4028
1456 7857
1457 8594
1458
1459 5138 9699
1460
1461 1726 8207 6349 6668
1462
1463 2841 9676 7640 3934 9070
1464
1465 2468
1466 4108
1467 5204
1468 6092
1469
1470
1471 839 1944
1472
1473
1474 2268 4527 9976
1475
1476 2800 9648 4966
1477
1478 5906
1479 3870 9744 6949
1480
1481 6088 514
1482
1483 5292 2845 8859
1484 4785
1485
1486 7381 2590
1487
1488
1489
1490
1491
1492 7747
1493
1494 1383
1495
1496
1497
1498 6137 4102
1499
1500
1501
1502 4541
1503
1504 9802 5079
1505 8398 9849 3445
1506 766
1507
1508 4634 7879
1509 7147 1195 5263
1510
1511
1512
1513 4700
1514
1515
1516 2279 4608 7584
1517 3862
1518
1519
1520 7939
1521 5086 714
1522
1523
1524 9259 126 2362 2943
1525
1526
1527 140 7631 5246 4226
1528
1529 9609
1530 9724 2696 1072
1531 1077 5699
1532
1533
1534 4987 7146
1535 722
1536 7283
1537 6496
1538 4256 5817
1539
1540 4352
1541
1542 9220
1543 5759
1544 6832
1545 4933
1546 5372 7497 2078 3223 2779
1547 7670 5485 5245
1548 3619 8506 461
1549 1977
1550
1551
1552 7020
1553 202
1554
1555 343 7749
1556
1557
1558
1559
1560 4129 4297 7558 2526 8628 3599
1561 9285 1806 7107
1562
1563 3395 3418
1564 8317 1927 2384
1565 6619
1566 8449 2663
1567
1568
1569
1570 9597
1571
1572 279 5401
1573
1574 5985 3593 5678 4026 594 2177
1575
1576
1577 7949 8443
1578
1579 9745
1580
1581 7834
1582 2351
1583
1584
1585 2464
1586 1035
1587 9549
1588
1589
1590 4442
1591 4530
1592
1593
1594
1595
1596
1597 4845
1598
1599 2811
1600
1601 694 8658
1602 9842
1603
1604
1605 9496 8536
1606 7839
1607 8451
1608 4301
1609
1610
1611
1612 8427
1613 5818 134
1614
1615
1616
1617 768
1618 8444
1619 2965
1620
1621
1622 1252 1864 4813 7550 1663 5348 2767 8738 5854
1623 2412 385
1624
1625
1626
1627 7966 5982
1628
1629 4478
1630
1631 8995
1632 7611
1633
1634 8566 9352
1635
1636 3105 4784 6542
1637
1638 5612 9488 6308 2789
1639
1640 261 6511 3679
1641 4460
1642
1643 9280 8818 2641 6028
1644 1595 921
1645
1646 3007
1647
1648
1649 8803 1014 7323
1650
1651 6837
1652
1653
1654
1655
1656 433
1657
1658 7056 4622 1056 3595 6677
1659 3642 8063 4803 1225 5443
1660
1661
1662
1663 4677 1118
1664
1665 7507 4462
1666 8361 9657 9946 1785
1667
1668
1669
1670 4935
1671 1246 6228
1672 3112
1673
1674
1675
1676 4124 4249
1677
1678 3199 6760
1679 4620
1680 888 866
1681 325 6214 2584
1682
1683 6484
1684 744 5784 6938 7641 4561
1685
1686 2210
1687
1688
1689 6342
1690 3785 6626
1691 7554
1692 4901 2861
1693 5929 7103 705
1694 9322
1695
1696
1697 2382 2407 6727 8694 3882 174 3618 7068
1698 6216
1699 834
1700
1701
1702 2854
1703
1704 7485
1705
1706 1232 9374
1707 4931 6988 4765
1708
1709
1710 5547 52
1711
1712 1652 1934
1713
1714 6526 9106 8042
1715 9087 870 4305 1449
1716
1717 7686
1718
1719 1046 3126 8497
1720 5540 218
1721
1722 6953
1723 4292 7865 7437 8550
1724 9368
1725
1726 3063 5742
1727 5754 8920 9739 8931
1728
1729 6060 3389
1730
1731
1732
1733
1734 6098
1735
1736
1737 9930 4205
1738
1739
1740 4774
1741 1530 2524 6124 7384
1742 2651 9523 9763
1743
1744
1745 7709
1746 713 7941
1747
1748 8870 8003 8384 5410
1749
1750 6630
1751 3142
1752 3673 2591
1753
1754 2870 5507
1755
1756
1757 3035 8196 2666
1758
1759 4447
1760
1761
1762 5723
1763
1764 1254 6117 5413
1765
1766 7539 9327
1767
1768
1769
1770 8737 6566 8078 3844 3797 9999
1771
1772
1773
1774
1775
1776
1777 4950
1778 7270 1932
1779
1780 5697 2361 5376
1781 3283
1782
1783 5430 2976 9975
1784
1785
1786
1787 7928
1788
1789 951
1790
1791 8552 2308
1792
1793
1794
1795
1796
1797
1798
1799 8414
1800
1801 9912
1802 2394
1803 2629 3106 7913
1804
1805 2277
1806
1807 8854 3507 1043 8439 2083
1808 3338 1278
1809 8545 6962 1685
1810 7925 7023
1811
1812 148 262
1813
1814
1815
1816 3610
1817
1818
1819 7399
1820
1821
1822 1083 6087
1823 3743 7152
1824
1825
1826
1827 5792 2702 8869 2104
1828 6423 6289
1829
1830
1831 8177 4543
1832 2572
1833
1834 2946
1835
1836 2167 2165
1837
1838
1839 2483
1840
1841
1842
1843 4008
1844
1845 5629 2558
1846
1847 7659
1848
1849
1850 9527 2402
1851
1852
1853 750
1854
1855 2133 5089
1856 8810
1857 4395 569 5375 130
1858 5958
1859 8973 1984
1860 7892
1861
1862
1863
1864 7094 3110 7172 296 9148 699 6704 6657 1551
1865 5938
1866
1867 3512
1868
1869
1870 6482 7700 2778 1360
1871 2018 9247 7728 7764 9825 3907 8035 5739 6658 9363
1872
1873
1874
1875
1876 4137
1877 5516 4563 1179
1878 7987 3467 7008
1879
1880 8431 732 9419
1881
1882
1883
1884
1885
1886 7294
1887
1888
1889 5627
1890
1891 8469
1892
1893 5024
1894
1895 283 9901
1896
1897
1898
1899
1900
1901
1902 1920
1903 8077 4936 5518 5300
1904
1905 9369
1906
1907
1908
1909 4498 8299 2299 7405 8571 4518 9782
1910
1911 5495
1912
1913
1914
1915 2656 5418
1916 8175 9813
1917 2533 7565
1918 4298
1919
1920
1921 8352 7874
1922
1923
1924 4502
1925 1023 710
1926 9168 2213
1927 8140
1928 392
1929
1930
1931 751
1932
1933 6344
1934
1935
1936
1937
1938 8564 2188 5912 6208
1939
1940 8085
1941 1489 7724
1942 9144
1943 1791 7694 3627
1944
1945
1946 6928 2615 2185 2776 1309 1250 1355 7998 9766
1947 5676 8584 99 7674
1948 8280
1949
1950 5257 6592 4751 5325
1951
1952 5688 1733 9518
1953 8357
1954 4724 8473 2882
1955 2012 3196
1956
1957
1958
1959
1960
1961 6978 5127
1962 6469 7593
1963 9981
1964 1801 3967
1965 2359 5725 6106
1966
1967
1968 706 387 5108 2245
1969 9048 1376 9643
1970 9279
1971 4379 7134 3769
1972
1973
1974
1975 5205 4055 2374
1976 9465 893 1649 6483 8246 3718
1977 30 9250
1978
1979 805 3943 640
1980 6396 4732 7149 1905
1981
1982
1983 7796 3788
1984
1985 5506 632
1986
1987 6673 2150
1988 4694
1989
1990 1074
1991 7873 5388
1992 3033 8626
1993 7903 4333
1994 3707
1995 7140 4576 9826
1996
1997 1148 9751
1998 3396 6686 4318 8928
1999 260
2000 1622 3754 4922 346 8007 2777
2001
2002 3756 3837
2003 4279 7738 4538 5217
2004
2005 8539 9521 4721 1457 2831
2006 534 3841
2007
2008
2009
2010 1735
2011
2012
2013 837 1972
2014
2015
2016 427
2017
2018 6091
2019 2568
2020 4627 4921 932 1390
2021
2022
2023 1437
2024
2025 3617
2026 9231 5450
2027
2028 1655 468 1734
2029 5216 9592
2030 4652
2031 9613
2032
2033
2034 6954
2035
2036 3248
2037 3562
2038 1694 6473 8911 9173
2039
2040
2041 541 6738 6334 1719 9256
2042
2043 1813
2044 9792 2583
2045
2046 945 2881 4927
2047
2048
2049
2050 9541 2602
2051 9053
2052 4557 4486 5031 5565
2053 2493 324
2054 8345 4923 4296 9847 8915
2055
2056 4725
2057 6193
2058
2059 6614 8365
2060 1587
2061
2062
2063 3891
2064
2065 7209
2066
2067
2068
2069 7821
2070
2071
2072
2073 5970
2074 4213 6347
2075 8813 2246 2174 2619
2076 8979
2077 287 7739
2078
2079 6544
2080
2081 4828
2082 8724
2083 6304 366 8131
2084 7272 409
2085 8555 7351
2086
2087
2088 4797
2089
2090
2091
2092
2093 1361 4636 5636 2209 4824 6085 5756 4163
2094 5296 3548
2095 4068
2096
2097 838 2 5453 2724
2098
2099 8030
2100 7477 2452 9221 7601
2101 2134
2102
2103
2104
2105 4133
2106
2107 2530
2108
2109 9889
2110
2111
2112 4626 5865
2113 5380
2114 6005 6071
2115 7192 6848 1273
2116 2804 4315
2117 6533
2118
2119
2120
2121 8650
2122 7620
2123 9797
2124
2125
2126 7741 7318
2127
2128 1633
2129 3306
2130
2131 3284 8624
2132
2133 3941 4147
2134 8136
2135 7469 739
2136
2137 6173 6014
2138 6404 4414 9964 7740 5962 1606 8953 9181 6218
2139 1081
2140
2141 9211 8578 3034
2142
2143
2144
2145
2146
2147
2148 8213
2149
2150
2151
2152 3916 8816
2153 665
2154
2155
2156 3999 9294
2157 8333
2158 9292 1048 5322 8183
2159
2160 4148 2686
2161
2162 8969
2163 355 9728
2164 6116 2988 4351 2546 6951 9082 3669 1114 3390 922 7069
2165 3910 2937 2266
2166 5606 4346
2167 5840
2168 1855
2169 779
2170
2171
2172 5286 5474 3439 2762 9291
2173 4110 5139
2174 7207 4529 1624
2175
2176 7818
2177 6871
2178
2179
2180
2181 5490
2182
2183 8468 7844 764
2184
2185 6363 5997 6383 3633
2186
2187 8881
2188
2189 337 7468
2190
2191
2192
2193
2194
2195 5102
2196
2197
2198
2199
2200 8633
2201 3809 1104 2908
2202 5229 4343
2203
2204 4578 3864 2751
2205 1717 2393
2206 6313
2207 5118 1999 3313 1603 1364
2208 7959
2209 7087 7205 7781 2897 9274
2210 8739 5449
2211 2470 5901 9371
2212
2213
2214
2215 5166 2243
2216 6248
2217
2218 7316 4799
2219 7269
2220
2221
2222
2223
2224
2225
2226 6253
2227
2228 9913
2229
2230
2231
2232 8544 4928 3385 8151
2233 2758 3662
2234 8308 2309 6716 2414 7229 9805 2718
2235
2236 7845 3884 8486 859 1594 9921 6424
2237
2238
2239 88 1149 1283
2240 7518
2241
2242 8980
2243 816
2244 671 2598
2245
2246 6006 5787 3557
2247 308 5036
2248
2249 2105 3067
2250 5005
2251
2252
2253 5110
2254 6158 9966
2255
2256 2736 7838 1952 3588
2257 5001 180 7580 8267 8206
2258
2259
2260
2261
2262 7495 5174
2263
2264
2265
2266
2267
2268 4328 5269
2269 8313
2270 8238 294 3353
2271
2272
2273 2306 8033 5088
2274 5202
2275 497 9109 8733 4580
2276 9034
2277 8258
2278 434
2279
2280 1868 8541 7358
2281
2282
2283
2284
2285
2286 9735 7111 5091
2287
2288 9591
2289 6910 6634
2290 7684
2291
2292
2293 6856 6838 4812 9824
2294
2295
2296
2297
2298 7313 1867
2299 8707 848 3988 8741 6940 2709
2300
2301 7385
2302 322
2303 6251 5581
2304 5200
2305
2306 5169 533
2307
2308 8537
2309 5555 7154 7171
2310 1807 8941 2153 3444
2311 4015
2312 4678
2313
2314 3075 829 84
2315 9153 9283 1393 7556 7136 9284
2316
2317
2318 7634 1743
2319
2320
2321
2322 9172 8938
2323
2324 6229
2325 4829 1779 7616 8977
2326 8399 1683
2327 5679 452
2328 1521 2883
2329 691 5934 813
2330
2331 187 9980
2332
2333 8896 3304
2334 1327
2335 3728 2571
2336 4313
2337 8815
2338 1019 7258
2339 1101 4383 3320
2340
2341 199
2342 6605
2343
2344 5274 9466
2345 2606
2346 982 7999
2347 4809 7285 2479
2348 3169 673 9526
2349 2352
2350
2351 9492
2352
2353 5220 1931 5515
2354
2355 244 7527 4733
2356
2357 8265
2358 3143 1840
2359 5812
2360 5771
2361 5350
2362
2363 6123 5553
2364 724 3938 3565 9449 7801
2365
2366 1359
2367 1844 5465
2368
2369
2370
2371 2097 6314 9140 9542
2372 4174 5179 430 2801
2373 1319 9747 8476
2374 6273
2375 6410
2376
2377
2378 1974 5038
2379 9817 2024
2380 2792
2381 666 8402
2382 9647 4925
2383
2384
2385 4295 9533
2386
2387 1288
2388
2389 5951 6926
2390 7325 3715
2391
2392
2393 7509
2394
2395 8649
2396
2397
2398
2399 8601
2400
2401 7732 676
2402 3009
2403 9626 3577 1028
2404
2405
2406
2407
2408
2409
2410 609
2411 9791 8147 994
2412
2413 985 2810 4131
2414 4569
2415
2416
2417 3698 8835 791
2418
2419 2711
2420
2421 2962
2422
2423
2424
2425
2426 7450 3632 1894 3590
2427 8382 7402 1836 1328
2428
2429 6093 679 4902
2430
2431 8638 3012 4375
2432
2433 8551 6620
2434
2435 3725 5148
2436 8957 2427 8457 9249 1281 4338 5544 9262
2437 8199 9004
2438
2439
2440 7501 5016
2441 3653
2442 6531
2443 4709 1742
2444
2445 5775 7919
2446
2447
2448 7416 9709 1178
2449 3518
2450
2451
2452
2453 8512
2454
2455 351
2456 1982
2457 2958
2458 1918
2459 2114
2460 6577 1853
2461
2462
2463 11
2464
2465
2466
2467 2071 3975
2468
2469 8822
2470 5492 2565 394
2471
2472 649 4079
2473
2474
2475
2476
2477 1863 2994
2478
2479
2480
2481
2482
2483 2067
2484
2485 8425 7553 3840
2486 4251 8281 2170
2487 1738
2488
2489
2490 2955
2491
2492
2493
2494
2495 9575
2496
2497
2498
2499 8636 7946
2500
2501
2502 9528
2503
2504
2505
2506
2507 4334 2847 9895 2902 9536 1021 1184
2508 336
2509
2510
2511 7415
2512 2678
2513
2514 2616
2515
2516 6883
2517
2518
2519 6177 4998
2520
2521
2522 8549 3701 8642
2523
2524
2525 6890 3014 1496
2526 1192
2527 85
2528
2529 9448 6581 5602 5065
2530
2531 8099
2532 2248
2533
2534
2535 5047
2536 680
2537 9708 1636 9845
2538 161
2539 9137
2540 6685 9484
2541 7849 6850 9679 7824 2938 5942 2408 3272 4069 6393
2542 7055
2543 1398
2544 9407 8770 3675
2545
2546 3981 3449 1798 4844 546
2547 1311
2548
2549
2550 1787 2204
2551 7014 5240
2552
2553
2554 2799
2555 5078 5103 6147
2556
2557
2558
2559 3236 7342
2560 1443
2561 7421 3615
2562
2563
2564 7486 7850 4117 9042
2565 760
2566 1096 165
2567 3755
2568
2569 3829
2570 403
2571
2572
2573
2574
2575
2576 8569
2577 4810 4436
2578 3888 8788
2579
2580 2502
2581
2582
2583 2837
2584
2585 9036
2586 1796 2221
2587 1396 7474
2588 642 6 7265 8002
2589 8180 7287 5015
2590
2591
2592 3915 4938 2430
2593 5070 5392 2281
2594
2595
2596
2597 4904
2598
2599
2600 8518
2601
2602
2603
2604
2605 3776 5183 5104
2606 7293 4749
2607 856
2608 5337 356 3326 690
2609 2548
2610
2611 4358 9731
2612 9978 8947
2613
2614
2615 6073 383 5052 5835 1746 86 3425
2616
2617
2618 3526
2619 2295 6095
2620
2621
2622
2623 7950 5249
2624 3167
2625
2626
2627 6984 8558
2628 5562 7918
2629 8924
2630 3094 1960 4080
2631
2632
2633
2634 3346
2635
2636 3296
2637 5869 5163 5932 4971
2638
2639 6612
2640 6525
2641
2642
2643
2644 6698
2645 1576
2646 8548 3759
2647
2648
2649 7233 943
2650 5624 2128
2651 3806 2957 2319
2652 6442 9185 5367 7585 3190 9493 9350
2653 1368
2654
2655 8839 1410 3147 5963
2656
2657 3948
2658
2659
2660 4007
2661 9176
2662 2388
2663
2664 5326
2665
2666
2667 2259
2668 6553
2669 551 5290
2670
2671 6974 7333
2672
2673 8013
2674
2675 5046
2676 5383
2677
2678
2679 3311 1066
2680
2681 3137
2682 449
2683
2684
2685 9409 3807 924
2686
2687
2688
2689
2690
2691 885
2692
2693
2694 3600
2695 8216 735 1814
2696 6272
2697 6387 1180
2698 5432 9165 8935 2275 175 5807 5735 2354 7575
2699
2700
2701 5087
2702 7736
2703 4123 3264 4734 8629 7165
2704
2705
2706 1424
2707 681
2708 2484
2709
2710
2711
2712 6613
2713 2314 832
2714 7044 8048
2715
2716
2717
2718 6861
2719
2720 7166
2721
2722 3883
2723
2724 3117
2725
2726 9868 6192 6725
2727
2728
2729
2730
2731
2732
2733 4085 3140 6240
2734 5368
2735 1345 8779 5433
2736 6345
2737
2738
2739 9915
2740
2741 4490 7606
2742
2743 3640 8059 6021 1680
2744 8772 7116
2745
2746
2747 6636 6129
2748
2749
2750
2751
2752 4984 9935
2753 7346 6989 7099
2754
2755
2756 8485
2757 842 6385 9278
2758
2759
2760 4031
2761
2762
2763 9079 1265
2764 4057
2765
2766 8917 2184
2767 2628 8763
2768
2769 2523
2770 5039
2771 2007
2772 1764 3483 131 9929 2749
2773
2774
2775 5396 3344 3377
2776 9033 6591 2009
2777 4067 8517
2778 6937 1681 9326 8338
2779 890
2780 4533
2781 4981
2782
2783 8588
2784
2785
2786 3686 2935
2787 2065
2788 1458
2789
2790
2791 3276 7837 8027
2792
2793
2794
2795 2164 9159 6645 3911 3343 8690
2796
2797
2798
2799 7895 8837
2800 5732
2801
2802 7074 9680
2803
2804 2118
2805
2806
2807 3351 6794
2808
2809
2810
2811 4166 4653
2812
2813
2814
2815
2816
2817 3362 3056
2818 8198 6089
2819 1831 1941 2086
2820
2821 4380
2822 1322
2823 2288 307 797
2824 8277
2825 7888 6804
2826
2827 1669 5768
2828 9567 4990
2829 7138
2830
2831
2832
2833
2834 450
2835
2836
2837
2838
2839 2433 9602
2840
2841 8717 682 2575
2842
2843 6813 8420 3608
2844 9223
2845 6814 3042
2846
2847 1858
2848
2849 3233 2905
2850 7802
2851 3951 509 6490
2852 1216 1419
2853 5851
2854
2855 2887 1961
2856 4221 918 7284 9520
2857
2858
2859
2860 7155 3316
2861 9903 237
2862
2863 595 4873
2864
2865
2866
2867 8269
2868
2869 3875
2870
2871
2872 2232 5927 4908 2340
2873 1024
2874
2875 6806 9936 1635
2876
2877 7352 968
2878 5221
2879
2880
2881
2882
2883
2884 6763
2885 5765 9276
2886 9583 5730 4370
2887
2888 9777
2889 3177
2890 4900 3574 4976 3818 2859
2891 5923 6637 7464
2892 1223 8492
2893
2894
2895 9810
2896
2897 3665
2898
2899 470
2900
2901
2902 8976
2903 2755 2719
2904
2905
2906 3583 9499
2907 6149 9293
2908
2909 5755 1880 5898
2910 9187 6160
2911
2912
2913
2914
2915
2916
2917
2918 1924
2919 5748
2920
2921 7633 9642
2922 6713
2923 8407 4497
2924
2925
2926
2927
2928
2929
2930
2931
2932 1888 4000
2933 7143
2934
2935
2936 5044
2937 6050
2938
2939
2940
2941
2942
2943 5048
2944
2945 2149
2946
2947
2948
2949
2950 6720
2951
2952 5698
2953 8554
2954
2955
2956 4066
2957
2958
2959 6558
2960 4549 96
2961 9998
2962
2963 3950
2964 6274
2965 6458
2966 9072
2967 7430
2968
2969
2970 3482
2971 8287
2972 8672
2973 3979
2974
2975 3798
2976 5707
2977 2980
2978
2979
2980 6477
2981
2982
2983 7091
2984
2985 9312
2986
2987
2988 4128 5653 5113 3129 9006 4391 6417 8346
2989 2658
2990 8755
2991
2992 3485 8460
2993
2994
2995 1917 6667
2996
2997
2998
2999
3000
3001
3002
3003
3004 474 2416
3005
3006 986
3007
3008
3009
3010
3011
3012
3013
3014
3015
3016 6523 3693
3017
3018 3964 5510 8918
3019
3020
3021
3022 3038 163 499 8373
3023
3024
3025
3026 4625
3027 7807
3028 1316
3029 846 8285 5777
3030 113
3031 5813 5643 1835
3032
3033 7278
3034
3035 2025 6535
3036 1464
3037
3038
3039 4097
3040 4060
3041 6758
3042 2808
3043
3044
3045
3046 5587 2880
3047
3048
3049
3050 6829
3051 8960
3052
3053 9423 2142 3901 4840
3054
3055
3056
3057
3058
3059
3060
3061 6977 3368
3062
3063 8855
3064 8456 5700 9603
3065 3443
3066
3067
3068
3069
3070
3071 9512
3072 4982 3091 6303
3073 2323
3074
3075
3076
3077
3078 7295 4675
3079 9209 9727 331
3080 3082
3081
3082
3083 8715
3084 3740 9193
3085 9994
3086 784 9118 8909
3087
3088
3089 6031
3090 1843 6500 2914
3091
3092
3093
3094
3095 4548
3096 9702
3097 6027 781 3414
3098
3099
3100 4130
3101
3102
3103
3104
3105 5524 5154
3106 3411
3107
3108 5176 1262 8385
3109
3110 611 964 5424
3111
3112 7953
3113
3114 2599 9346
3115 7743 8710
3116
3117
3118
3119 9393 7978
3120
3121
3122
3123
3124
3125
3126 4912
3127 129 4335
3128 2496
3129 7451 1786
3130
3131 7364
3132
3133
3134
3135
3136 5908
3137
3138 1221
3139
3140 491
3141 6536
3142 6580
3143 6431
3144 122 6245 4269 2327 1134
3145 5361
3146
3147 9334 793
3148 7203 8860 616 7126 8057
3149
3150
3151
3152
3153 9218
3154 8163 171
3155 7135
3156 6622
3157
3158 6181
3159
3160 5936
3161 2064
3162
3163
3164
3165
3166 2581 6751 73
3167
3168 3628 1112
3169
3170
3171 4665
3172
3173
3174 696
3175 1769
3176 128 9112 8782 5137 319 7666 1777 1354 4866
3177
3178 8495
3179 2270 1750 192
3180 2858 4158
3181
3182
3183 4126
3184
3185
3186 5255 9612 5447 47 8233
3187 5320
3188
3189 7653 2265
3190 6067 3703
3191
3192
3193 7771 8386 2364 4919 9039 8746
3194 8038 7157 1885
3195 9885 6145
3196
3197
3198 6775 9184 1678
3199
3200
3201 7906
3202
3203 1401 1269
3204
3205
3206
3207 5586
3208 3567 7650
3209
3210 9298 45
3211
3212 6768
3213
3214
3215
3216 453
3217 6102 5889
3218
3219 4728 5613 1176 3231 69 2247 658
3220
3221
3222 5847 5960 737 9892 3572
3223 8885 6122
3224 6194
3225
3226
3227 3234 7289 1235
3228
3229
3230 1747
3231 8955 524 7406 7169
3232
3233
3234 1070 8786 9476 9627 2278
3235
3236
3237 4016 9486
3238 7816
3239 9706
3240
3241 2261 5591
3242 4162 1007
3243
3244
3245 5517
3246
3247 2604 1471
3248
3249
3250 3622
3251 7332
3252
3253 7615
3254 3523
3255
3256 9872
3257 4291 153 6022 7958
3258
3259
3260 1042 9089
3261 623 7290
3262 51 5955 6416 5164
3263 7784
3264
3265
3266 151 938
3267 3041 1546 4600
3268
3269 3571 7588 3641 8289
3270 8872
3271
3272
3273
3274 3162
3275 1620
3276 9989 3503 2839 381 9491
3277
3278 4744 166 1682
3279
3280 9092
3281
3282 4191 4770 2503
3283
3284 7237
3285 2301 5032
3286 8645
3287 2453 8126
3288
3289
3290 7706
3291 1124
3292
3293
3294
3295
3296 2945 7141
3297
3298 3165 9296
3299 3880
3300 7977 5664
3301 7523 8441 9498 2822
3302 2145
3303
3304
3305
3306
3307 460
3308 5529 8514
3309 1200 9013
3310 8906
3311 9853 6008
3312 2727 8673
3313 7049
3314 2216 2951
3315 5809 6020
3316
3317 9268 9351 1899
3318 2411 2017
3319 4596
3320 1532
3321 6072
3322 4444
3323 1421
3324 5275 5954 8800 1128
3325
3326
3327 347
3328
3329
3330 8696
3331 8254 7985
3332 6024 4544 6327
3333 112 1153 1370 2048
3334 615 6029 1477 980
3335
3336
3337
3338
3339
3340
3341 3464 5123 7683 3681
3342 675
3343 7388 7754 4623 914
3344 5293 8237
3345 9090 6932
3346
3347 3050 7942
3348
3349
3350 8291
3351
3352 9085 7484
3353
3354
3355
3356
3357 5499 7211
3358
3359 1695 6408
3360
3361
3362 4877
3363 3267 601 7478 6656 365 754
3364 4043 6293
3365
3366
3367
3368
3369 5690 9883
3370 8159
3371 3364 196 3250
3372 1671 4957 6501
3373
3374
3375
3376 6802
3377
3378 1542
3379
3380
3381
3382
3383 2512 7826
3384 1745
3385 5214
3386 6489 9790
3387 5857
3388 3958 4564
3389
3390 282 3561 9511 9255 6956
3391 300
3392
3393
3394
3395 4575
3396 3359
3397 9472 4691
3398 9205
3399 3771 155 1245
3400 9047 8377
3401
3402
3403 4235 6968
3404 2888
3405 2182 641 5381
3406 2404
3407 8065 3307 2006
3408 1321
3409 6359 8234 3109 270
3410 3897
3411 2853 7085 6722
3412
3413 931
3414
3415 6596 9516 726
3416 8461
3417 9212
3418 6275
3419
3420 5020
3421
3422 4910
3423 4955 5025 973
3424 9489 1963 9145
3425
3426
3427
3428
3429
3430 4306
3431
3432 9794 6081
3433
3434
3435 3102
3436
3437 1615
3438 7827 5760
3439 3726 1892 525
3440
3441 4307
3442
3443
3444
3445
3446
3447
3448
3449 7114 9995 9893
3450
3451 5003
3452 9459
3453 9428 523 2304 1847
3454 5464
3455
3456 4461 6058 3256 9095 9304
3457
3458 9769
3459
3460 5289 7202
3461
3462
3463 731
3464
3465 6460
3466
3467 3166 5013
3468
3469
3470
3471
3472
3473 1716 3658 7047 3996
3474
3475
3476 228 3274
3477 2322
3478 5605 1541
3479 6407
3480 1228
3481 6223 1150 1234 5644 4676
3482
3483 1964 1417 686
3484
3485 7642
3486 9128 944 5377 3459
3487 5330
3488
3489 3697 574 4032 8914 9266 7 6321
3490 2225
3491
3492
3493
3494
3495 1829 5628
3496 60
3497 4002 9933
3498
3499
3500 4628
3501
3502 2344
3503 7376 9271
3504
3505
3506
3507 5615 1123
3508
3509
3510 3805
3511
3512 858
3513
3514
3515 4143 9557 2057 8070
3516
3517
3518
3519 3995
3520
3521 9917 1677 9616
3522 9932 1034 438
3523 6141
3524
3525
3526
3527
3528
3529
3530 5897 3401
3531 2668
3532 4369
3533
3534
3535
3536
3537
3538
3539
3540 1632
3541
3542
3543 4520 2760 7455
3544
3545 9420 6170 5479
3546
3547 6973 4188 8169 9688
3548
3549
3550 3639 5475
3551
3552
3553
3554
3555 4687
3556 6568
3557
3558 3025 1318
3559 2961
3560 1776
3561
3562 3354
3563 5177
3564
3565 9950
3566 6238 7536
3567 9192
3568 2166 5745 1535 8215
3569 6921
3570 5974
3571 1904
3572
3573
3574 410
3575 4638
3576 2160 6518
3577
3578
3579 7210 1141 1455 1870 6053 407
3580 3066 5069
3581 1883 3645 8992 8836 7296
3582 7182
3583
3584
3585 7990 8519 3333 9063
3586
3587
3588
3589
3590
3591 511
3592
3593 8302 458 1412
3594 4106
3595 459
3596
3597 2367 8419 6033 1638 68 9983 7600 6724
3598 4091
3599
3600 8778
3601 6367 7481
3602 362 6589 4834
3603
3604 4387 2947 5466 8878
3605
3606 9652 925
3607 5566
3608
3609
3610 5670
3611
3612 5105 867
3613 8726 5947
3614 8157 2825
3615
3616
3617 4856
3618
3619 6150 4556
3620 6179 3027
3621 948 7933 3327
3622 6876
3623
3624
3625
3626
3627
3628
3629 9023 7110 544
3630 4758
3631
3632 3023
3633
3634
3635 1665
3636 757
3637
3638 4175 3391 1559 6380
3639
3640 3397 7596 9582 4238 1549 5616 1143
3641
3642 3400 7274 9216 4394
3643 4372
3644 1710
3645 8635
3646
3647
3648
3649 5722 5454
3650
3651 6044 9398 9073 127 4036
3652
3653
3654 5190
3655 6572
3656 5984 2900 2122
3657
3658 9132
3659
3660
3661
3662 7731 3228
3663
3664 33
3665
3666 8611
3667
3668 1653
3669 9640 1612
3670
3671 6415
3672
3673
3674 5242
3675
3676
3677 6447 5160
3678
3679 3899
3680
3681
3682 3073 4764
3683 3935
3684
3685 1485 1989 7017
3686 6796
3687 9050 7545 2115 769 2215 9773 6772
3688 249
3689
3690
3691
3692
3693
3694 3072
3695 414
3696
3697 4071 3939
3698 7429 8910
3699 7417 2186
3700 9888 1459
3701 9707 4892
3702
3703 7645
3704 8073 5434
3705 2074 9850
3706
3707
3708
3709
3710 184
3711
3712
3713
3714 1189 3151
3715
3716 8247 488 6638
3717
3718
3719
3720 6670
3721 6609 7667
3722
3723
3724
3725
3726
3727
3728
3729 7823 3427 5222 4030
3730 1700 1159
3731
3732
3733
3734
3735 3556 5978 9945
3736 8370 5800 7084 9596
3737
3738
3739
3740 8107
3741
3742
3743 668
3744
3745
3746
3747
3748 7975
3749
3750 5588
3751 6819
3752 6810
3753
3754 8502 7989
3755
3756
3757
3758 8785
3759
3760 3399 277
3761
3762
3763 1333 7548
3764 8962 6498
3765 586 473
3766
3767
3768
3769 9696 3195 2349
3770 3225
3771
3772 4710
3773
3774
3775 3062 4722
3776 3890 6244
3777 799 2107 2608 4515 1808 6236 1943 4240 3089
3778
3779 4275 4484
3780 6233
3781
3782
3783 3049
3784
3785
3786 4074
3787 7884 5097 7160
3788 1490
3789
3790
3791
3792
3793
3794 969 1909 8954 5692 5793 9066
3795 3742
3796
3797
3798
3799
3800 7461
3801 5525
3802
3803 6800
3804 1950 6239
3805 9005 8716
3806
3807
3808 3724 2549
3809 457 773 770
3810 2348
3811 7441 5952 1661
3812 250 2648 3345 6154 6326
3813
3814 476
3815
3816 7472
3817
3818
3819
3820
3821 6849 7130 6491 9789
3822 9972
3823
3824
3825
3826
3827 4587 9487
3828 6765
3829 6446
3830 3908
3831 8406
3832 9756 7534
3833
3834 7448 6565
3835 8129
3836 7000 7878 1659 3635 102 1009 5635 9400 1442 6776
3837
3838
3839 7541
3840 6957
3841 591
3842
3843
3844
3845 7046 9942
3846 5299
3847
3848 9941 6807 5943 2832
3849
3850 6401 428 4081 7428 833 1027
3851 5513 2812 9410 2273 9201
3852 2257 1770 3760 5652
3853
3854 4451 2441 5642
3855
3856
3857
3858 7093 2929
3859
3860 3735 2824 9795 1709
3861 9229 4881 1290 4003 8663
3862
3863
3864
3865 7908
3866
3867 23
3868 3933 43 2757 3827 4294
3869 4242 1845 1079 5244
3870
3871 4441
3872 5726
3873 357
3874 380
3875 9611
3876 8940 3716 6617 5891 1529
3877
3878 6201 7808 456
3879 5945
3880
3881 4118
3882 8799
3883 7062
3884 9953 3688
3885 6963
3886
3887 6136 8186 6108 3361 3213
3888 1654
3889 1372 9365 4286 8590
3890
3891 19
3892
3893
3894
3895
3896 776
3897
3898
3899
3900 1075 1882 759
3901 4386
3902 1484
3903 702
3904
3905
3906 2254
3907 4004 5324 210
3908
3909 2716 5267 7968 1099 4392
3910
3911 1997 7251
3912 6411
3913
3914
3915
3916 4099
3917 8134
3918
3919
3920 7257 5949 1196
3921 3650
3922
3923 5766 3468 9456
3924 230 4522 6311 5277
3925
3926
3927
3928
3929 3885
3930 172
3931
3932 6879
3933 2995 9127 3944 6817 9341 2857
3934 1537
3935 9156
3936
3937
3938 5208
3939 1446 3431 3631
3940 8470
3941 5549
3942 2220
3943 6400
3944 1967 6340 538
3945 7737
3946 3953 2440
3947 2876 9748 386
3948
3949
3950 6875 3005
3951 6886
3952 66 1545 6472
3953 2099 5753 7508
3954 1002 5915 3764 2387 8472
3955 2253 7590
3956
3957 496 5860
3958
3959
3960
3961
3962
3963
3964 9522 7830
3965
3966 6665
3967 9631
3968
3969 4161
3970 2747 5370 5896
3971
3972
3973
3974
3975
3976
3977 4854 7397
3978
3979
3980
3981
3982 4127 8016 4831 4101
3983 9475 8877
3984
3985 999
3986 1930
3987
3988 7627
3989 2816
3990
3991
3992
3993
3994
3995
3996 6140
3997
3998
3999 7015 6681 6185 5988
4000 6835
4001
4002
4003 5287
4004 4243 1516
4005
4006
4007 1774
4008
4009
4010 4989
4011
4012
4013
4014
4015 315
4016 4450 79 996 2542 872
4017
4018 6351
4019 3853
4020 9970
4021 6611 5713 7150
4022 2933
4023
4024 2369
4025 1627
4026 7992 5408 323 1469
4027
4028
4029 2713 8958 949 5304 4225 954
4030
4031
4032 8225 6366 6217
4033
4034 6757 304
4035 878 2819 3128 3230
4036
4037 4588 1915 2187
4038 2136 5798
4039 3928
4040
4041 36 8292
4042 9075 4865
4043 2594
4044
4045
4046
4047
4048 6771 4526
4049
4050 901
4051
4052
4053
4054 958 6094
4055 8750 5535
4056 378 7956
4057
4058
4059 6833
4060 5509 2368 320 9959
4061
4062 253 835
4063 281
4064 9694
4065
4066
4067
4068
4069 7457 6779
4070
4071 7360 4915 2901
4072 5342
4073 4705 2032
4074 5120 6188
4075 7995 531 3300
4076 3976
4077 4356
4078
4079 7493
4080
4081 7876
4082
4083
4084
4085
4086 7817 7515 8613 9105 1676 3181
4087 5585 8000 4473
4088
4089
4090 8324
4091
4092
4093
4094
4095 8251 7767
4096
4097
4098
4099
4100
4101 8083
4102 2375
4103
4104 8858 892
4105
4106 9729
4107 7967
4108
4109
4110 3130
4111 6826
4112
4113 170 8874
4114 3644 2934
4115 2557
4116
4117 2665
4118
4119
4120
4121 3495
4122
4123 8721 830 371 3101 1554 5173
4124
4125
4126 4 6035
4127
4128 7912 7011 9637 4231
4129 6291
4130
4131
4132
4133
4134 1705
4135
4136 4885
4137
4138
4139
4140 6456 9971
4141
4142
4143
4144
4145 4233 1198
4146 5347
4147
4148 9343
4149
4150 2652 5285
4151
4152 5059
4153
4154 6624
4155
4156 5866
4157 940 1973
4158
4159 7264
4160
4161 3375
4162
4163
4164
4165 265
4166
4167 7809
4168 4718
4169
4170
4171
4172
4173 3115 2999 7118
4174
4175 6227
4176 2489
4177 3310 247
4178
4179
4180
4181 7794
4182
4183 4268 5072 3929 5061 4579
4184 7243 2102
4185 350 4464
4186 8752 4684
4187
4188 5864 5151
4189 1517
4190 6730
4191 4341 5438 9261 8442
4192
4193
4194 547
4195
4196 9962
4197 9584 8020 8708 62 3286
4198
4199
4200 4761
4201
4202
4203
4204 9360 6128
4205
4206
4207
4208
4209 2360
4210
4211 7567
4212 1799 630 8467
4213 4159
4214
4215
4216
4217
4218
4219 5852
4220
4221 8617 9086 8272 3451
4222
4223 6898
4224
4225
4226
4227 9993
4228
4229
4230
4231 9270 8720 6167
4232
4233 1416
4234 7800 3420 5007
4235 2780 34 3652
4236
4237
4238 5729
4239
4240
4241
4242 4929 5142
4243 6175 7563 6497 9457 6877 6455 8283
4244
4245
4246 5124 4276 3238 6778
4247 6082 3440 4047
4248 5125 8221
4249
4250
4251
4252
4253 3991
4254 4076
4255
4256
4257
4258
4259
4260
4261 7331 7315 4506 7772 5633 7038 5614 6582
4262 2002 8570
4263
4264 273
4265
4266
4267 9835 6392 6186
4268 3957 3839
4269
4270 588
4271 8686
4272
4273
4274
4275
4276 1481 8700
4277 4089
4278 7029 8371
4279 2236 4616 5445 1174
4280 711 9803 6318
4281
4282
4283 1219
4284 5621
4285
4286
4287
4288 78
4289 3369 1730 3637
4290
4291 887 3558 8080 5972
4292 6688 5340 7594
4293 9376 333 8045 5489 7713
4294
4295
4296
4297 2455 9691
4298
4299 8032
4300
4301
4302 3878 7997
4303 8668
4304
4305
4306
4307
4308 4843
4309 8105
4310 38 311
4311
4312
4313
4314
4315 4303
4316 9740 9345 1351
4317 7789
4318
4319
4320
4321
4322 3342 2015 1274
4323 7926
4324
4325 5184
4326 1985 7647 1884
4327
4328
4329 506 5419
4330
4331
4332 5327
4333
4334 897
4335 1996 4537
4336 1363
4337 4365
4338 4090
4339
4340 448
4341
4342
4343
4344 2372
4345
4346
4347 9891
4348
4349 3591 6815 7880
4350
4351 7648 7626 3456 8547 4172 3985
4352
4353
4354
4355
4356 9011
4357 402 2685 2140
4358 5017 4779 6770
4359 464 4692 3152 860 3956
4360
4361
4362
4363 5436
4364 2312 4914
4365
4366
4367 6896
4368
4369
4370 2013 7119 5918 8100
4371
4372
4373
4374
4375
4376
4377
4378
4379 9671 5442
4380
4381
4382 1291
4383
4384 6789
4385 9286 5543
4386 8894 8801 873
4387
4388
4389 5880 6007 1152
4390
4391 6119
4392
4393 8842 8079 7467
4394 5250
4395 9655 8483 1902 3039
4396 6225
4397 1317
4398
4399 3720 2846 2263 334
4400 4930 6691 2973
4401 7689
4402
4403 7454
4404
4405 7312
4406 1975 4679
4407 4487
4408 8462
4409 7255 9163
4410 2721
4411
4412 3197
4413 865
4414 4248 2507 613 6564 7317
4415 364 3810 4864 471 9052 7090
4416
4417 4224 8342
4418
4419
4420 9196 8829 1979 4310 1113 360 847
4421 373 1971 9743 2400 8359
4422 7197
4423 2461
4424
4425
4426 8582
4427
4428
4429
4430
4431
4432 2833
4433
4434 811
4435
4436
4437
4438 4637
4439 2826
4440
4441
4442
4443 5561 6785 9934
4444 9431 8592
4445
4446 472
4447
4448
4449 8951 5861 2463
4450 4495 1125 2639 929
4451 3194
4452
4453
4454
4455 1547 9379 1775 6250
4456
4457
4458 4371
4459
4460
4461 2984
4462 2840 108
4463
4464 5620
4465 2636 1040
4466 3008 3504
4467 8279
4468
4469 206
4470
4471
4472 5334 9424 5895 8769 5706
4473
4474 656 3122 7227 181 6270 8388
4475
4476
4477
4478
4479
4480
4481
4482 3232
4483 4481
4484
4485 1881 3748 5637 9414
4486 431 625 6096 2624
4487
4488
4489
4490
4491
4492 2339 3920 3287
4493
4494 2029 3163 9555
4495 9963 5014 3160
4496 7443
4497
4498 4136
4499 7422
4500 9471 8840
4501
4502
4503
4504
4505
4506 2529 5144 2042 2586 9873
4507 6906
4508
4509
4510
4511
4512 2527 3486 8082 9839
4513
4514 8487
4515 3923
4516
4517 465
4518 6261
4519 8828
4520 6046
4521 2011
4522
4523 2725 255
4524
4525
4526
4527 6960 1251
4528 9224 2346 521
4529 8652
4530 420
4531
4532
4533
4534 9113
4535
4536 3835 1936
4537
4538 83
4539
4540
4541 4039 9624 7761
4542 8416
4543
4544 5892 7475
4545
4546
4547
4548
4549 6487
4550
4551
4552 505 3085
4553
4554
4555
4556 2821
4557 8453 1323 6329
4558 3604 5011
4559 7215
4560
4561
4562 3791
4563
4564
4565 4194 7916
4566 5900
4567
4568 2285
4569 3477
4570
4571
4572
4573
4574
4575
4576 9161
4577 248 6811
4578
4579 6332
4580
4581
4582
4583
4584
4585 4528 2302 4753
4586 2047
4587 382 7344
4588 6065 1068 2425 1712 8722
4589
4590 2752 8821
4591
4592 6699 2650 9828 8622
4593
4594
4595
4596 2874
4597 1470 9807
4598
4599
4600
4601
4602 3184
4603 441
4604 670 6631 7373
4605 2449 9387
4606
4607
4608 5883 2708
4609
4610 1673 8240
4611
4612
4613 3555 2566 6845
4614 3123
4615
4616
4617
4618 7504
4619
4620
4621
4622 4655 9226
4623
4624
4625
4626
4627 8347 9307 7612
4628
4629 6413 6976 3623
4630 2337
4631
4632
4633
4634 5098 4196 5441 3141 5966
4635 3536
4636 8139 5400 1440 8734
4637 5953 549
4638
4639
4640
4641 512
4642 213
4643
4644
4645
4646
4647 7115
4648 8055
4649
4650
4651 2687 169
4652
4653 3578
4654 6135 4867 4617
4655 6146
4656
4657
4658
4659
4660
4661
4662 9710
4663
4664 5397 3734
4665 4735 8692
4666 6502 1051
4667
4668 6567 6901
4669 2952
4670 6748 1575 599 4287 1248
4671
4672 3373
4673 4913
4674 1526
4675
4676
4677 6493 16 6183 3800 4041 8711 2684
4678
4679 3790
4680 6372
4681 2120
4682 1199 5786 5702
4683 8343
4684
4685 9508
4686
4687 1315
4688
4689
4690 18 1241 3820
4691 9576 819
4692 48
4693
4694
4695 1618
4696 6904 8262
4697
4698
4699 6037
4700
4701
4702 2343
4703
4704
4705 1109
4706
4707
4708
4709 8275
4710 1609
4711
4712
4713
4714 339 6452
4715
4716
4717 7301
4718
4719
4720 787 314
4721 7187
4722
4723 6441
4724
4725
4726
4727 4344 1544
4728 1452
4729 8501
4730 6653 5879 2735 7542 3547 1483
4731 8867
4732 552 3664 5603
4733
4734
4735 7347 2081
4736
4737
4738 4421 4219 2335 4040 7656
4739
4740
4741 9610
4742 2324
4743
4744
4745 8900 4731
4746 3966
4747
4748
4749
4750 5876
4751
4752
4753
4754 4132
4755 6312
4756
4757 13 9252 736 6659 8942 6232 8319 3298
4758 4974
4759 7777 7096
4760
4761
4762
4763 5875
4764
4765 6505
4766
4767
4768
4769 8255
4770 2087 2635
4771 4683 3767 7652
4772
4773 8232
4774
4775
4776
4777
4778 4260
4779
4780 763 115 4290
4781 56
4782 7503 6774 6302 8112
4783 436 8641 717
4784 7490
4785 1795
4786 2554 2587 9202 1430 6358 9219 5631
4787 1133 397 3259 2864
4788
4789 827
4790
4791
4792 2745
4793
4794
4795 920 851 390
4796 5816
4797 6652 508
4798
4799 8298
4800
4801
4802 3382 435
4803 6130 4329 4771
4804 4979 5034 2983 1629 9986 9665
4805
4806 7614
4807 7578 9482
4808 7714
4809 1876 8780
4810 3474
4811
4812 1422 9686
4813 9982 3691 7947 8250 6157 6475 3799
4814 5832 1754 6945 6718
4815
4816 3078 2986
4817
4818
4819 5051 6777
4820 814 5156 1450 5946
4821 7128 9660
4822 8024
4823
4824
4825
4826
4827 4795
4828
4829 1744 3959
4830
4831
4832 3090 9241 6068 5353
4833 4397 7356
4834
4835 9681 6828
4836 4254 8491 995 6991 5409
4837
4838 5769
4839 2138 2093 5130 4183 1505 614 6680 234 7392 9473
4840 4508
4841 8888
4842 9546
4843
4844
4845
4846 5904 9078
4847 7703
4848 6888
4849 7904 9767 2482 874 8109
4850
4851
4852
4853
4854 4255
4855
4856
4857
4858
4859 1071
4860 6852 2918 1279 3134
4861
4862
4863
4864 1767
4865 3643
4866 389
4867 1155 3135
4868 1303 9832
4869 3029 7931 3873 6153 2421 6436
4870 7390 2092 9539
4871
4872
4873 6587 8392
4874 8311 6663 5630 3176 6754 4492 9551 9658
4875 6559 1284
4876 2954
4877
4878 6205
4879 4838
4880
4881 37 9573
4882 8806
4883
4884
4885
4886 7052
4887
4888 5201 4991
4889 2863 9344
4890 643
4891
4892
4893
4894
4895
4896
4897 1968 7586
4898
4899 1185 8475 5933
4900 6947
4901 399 621
4902
4903
4904 8339
4905 8944
4906
4907
4908 5773
4909
4910
4911
4912 2898
4913
4914 4594 7248
4915 7797
4916 6306
4917 6402 8950
4918 1005 484
4919 789
4920
4921 9385 2341 404 5806
4922
4923 8047 7970
4924
4925 2201 1593 4853
4926
4927
4928 7604
4929 9860 5526 1467
4930 3242 328
4931 8847 6603 2906 8811 6168 332
4932 2497
4933
4934
4935
4936 8058
4937
4938
4939 5152
4940
4941 145
4942 9406
4943
4944
4945
4946
4947 1425
4948
4949 4685
4950
4951 3822 9812 2148 6209 312
4952
4953 1616
4954 9403 5937 2179
4955 9547 9340
4956 7991 3954 4022 5788 7271 8908
4957 7256
4958
4959
4960 5358 3429
4961 1298 6510
4962 5665
4963 8006
4964 220 4671
4965
4966
4967 3051 9404
4968
4969
4970 7859 3521 4977 1451
4971
4972 786
4973
4974 8620 9217
4975
4976 3566
4977 3077
4978
4979 8111 9663 7843 257 6687
4980
4981
4982 7357
4983
4984 8201
4985
4986 9800 1778 7516
4987 4469 2206 1375 8005
4988 1560 3068 3598
4989
4990
4991
4992
4993 1137 7050
4994
4995
4996
4997 3268
4998
4999 5791 2675 4045
5000 4535
5001 109 7733 6710 3813
5002
5003 6537 669
5004
5005
5006 4906 5157
5007 4435
5008 1781 9822
5009
5010 1607
5011 862
5012 7184
5013
5014 103
5015 7009
5016
5017 9076 3312 1428
5018
5019 8793
5020 3808
5021
5022
5023
5024
5025 3452 9413
5026 2168
5027
5028
5029 4423
5030 4585 3596 4471 1550
5031 4944
5032 6792 3476 7413
5033 8236 4993
5034 7145 3831 5976 9242
5035 9843 3963 8723 3366
5036
5037
5038
5039
5040 9458 2930 4489 1929
5041
5042 7324 2574
5043 4324 6319
5044 8833 8446
5045 3525
5046 4794 3273
5047
5048
5049
5050
5051 7263 2193 7120 4762
5052 8934 6263 7048 3614 3589 2884 6939
5053 8572 3220
5054 2356
5055
5056
5057 4961 7603
5058 9099
5059
5060
5061 1562
5062
5063
5064
5065 2848
5066 5071 1183 7028 7896 9254 3859
5067 4247 4847
5068
5069 2418
5070 6908 179
5071 604 4668 2707 5181
5072 6315
5073 7153
5074
5075 9417
5076 6086 8526
5077
5078 684
5079 3529
5080 5259
5081 3741
5082 1761
5083
5084
5085 3421
5086 3605
5087
5088 8824 664
5089 2230
5090
5091 853 1792
5092
5093
5094
5095 5189 8939
5096 9273 5905
5097 661
5098 4349 9717
5099 6398 1145 6825 6520 1976 571 8424 6927 4887
5100
5101 4051
5102
5103 1830
5104
5105
5106 6202
5107
5108 2045
5109 5084
5110
5111
5112
5113 2477 8890 3579 8282
5114
5115 41 7432
5116 678
5117
5118 8787 39
5119
5120
5121
5122
5123
5124 5058
5125 3179 915
5126
5127
5128 8883 979 4507
5129 7980
5130 9405 6692 3889 5126 9235 241 7424
5131 4565 1204
5132 8921
5133
5134 1377 7330
5135 4053
5136 8118 5986
5137 9022
5138
5139
5140 3198 812 9138 8162
5141
5142 1582
5143 9502
5144 6946 63
5145
5146
5147 9056 7280 5776 8959
5148
5149 4204 318 5284 9313 5979 4740
5150 7979
5151
5152
5153
5154 6042 3447
5155
5156 2260
5157
5158 6083 2509
5159 1119
5160
5161 2026 5538 535 1602
5162 227 8535 6816 5114
5163
5164 698
5165 8674
5166 3153 2855
5167
5168
5169
5170
5171
5172 3448
5173
5174 3348
5175 6914
5176
5177
5178
5179 9494
5180
5181 3945
5182
5183 6283 1092
5184
5185
5186
5187
5188
5189
5190
5191 6791 4384
5192
5193 9768 7224 6739
5194 2843 6041
5195
5196 3848 3053 2791 1474
5197
5198 5810 3084 3894
5199
5200
5201 9308
5202
5203 568
5204 4160 7082 4350
5205 9628 3446
5206 2978
5207 5774
5208
5209
5210
5211 2056 6552
5212 7832 1431 6118 7190 370 9478
5213
5214 1264
5215
5216 1465
5217 2750
5218 6529 4956 9442 7389 4613
5219 5833 2178
5220 90
5221 1144 3046 7244
5222
5223 7447 6669
5224 1938 6982
5225 5751
5226 8757 7239 3564 3973
5227 8149 7692 462 563
5228
5229
5230 3832 8290 1337 9357
5231 1698 8579 4105 4027
5232 2317
5233 7649 5969 1998 1821
5234
5235 2679 2919
5236
5237 9317
5238 7058 2948
5239
5240 7815
5241 61
5242 4195 3200 3290
5243
5244 1038 3442 1039
5245
5246 6784 5825
5247 185
5248 3301 50
5249 7401
5250 4667
5251 6440 3178 3269 8161 2704
5252
5253 4456 7372
5254
5255 6822
5256
5257 8307
5258 2539 4842
5259
5260
5261
5262 2960
5263
5264
5265
5266 9558
5267
5268 7696 7483 529
5269
5270 792 5030 5206 1644
5271
5272 9920 4111
5273 3045
5274
5275 5023 4319 9401 3917 5210
5276 2203
5277
5278 8972 2419 4239 490
5279 4499 4742 4800 9623
5280
5281
5282
5283
5284
5285 2350 2543 7179
5286 3585 5096 2478 9948 2885
5287 1703
5288 9758
5289 9253
5290
5291 8026 2582 4165 5971
5292
5293
5294 1022 138 3506
5295 7893
5296
5297 636
5298 7125
5299
5300 1522
5301 9331
5302 6258 7788
5303
5304
5305
5306
5307 608
5308 1811
5309 1506
5310
5311
5312 7856 662
5313
5314 9529 4193 8781
5315 8991 8534
5316 7624
5317
5318 8546 6468
5319
5320
5321 8040
5322 1350 6981 2551
5323
5324
5325
5326
5327
5328
5329
5330 6971 564
5331
5332
5333
5334 2192 8805
5335
5336 1812 6515
5337 6965
5338
5339
5340
5341
5342
5343 3505
5344 3502 8417
5345 8022 6809 2152
5346
5347
5348 7783 8761 1512
5349 8489 4969
5350 1819 9781
5351
5352
5353
5354
5355 4084
5356 849
5357
5358
5359 5887 7267 955
5360 6045 5369
5361 9111
5362
5363
5364 8618
5365 9301 5428
5366
5367 1699 4140
5368
5369
5370
5371 655
5372 1852 876
5373 5873 6666
5374
5375
5376
5377
5378 5685 4566 3947 1793
5379
5380
5381
5382
5383
5384 9305
5385 9857 7040
5386
5387
5388
5389 5567
5390
5391 3717
5392
5393
5394 254 2597
5395 3240 242
5396
5397 6267
5398
5399 7673 2492 1688 7905
5400 742 4645
5401
5402
5403 9669
5404 5556 5049 3002
5405
5406
5407
5408 1896 4470
5409
5410
5411
5412 5884
5413 3044
5414
5415
5416
5417
5418
5419
5420
5421 2682
5422 7846
5423
5424 3705 3900 9639 5626
5425
5426
5427 6210 6790
5428 7471
5429
5430
5431 245 5209
5432 4261 1995 9770
5433
5434
5435 9040
5436
5437 703
5438
5439 6869
5440 4701 4440
5441 7519 2439 6882
5442 7362
5443
5444 589
5445 143
5446 5663 3874
5447 9615 8448
5448 2252 3993
5449
5450 7003 4862 7765
5451 6841 9359 6830 4467 3978
5452 9700 8508
5453
5454
5455
5456
5457
5458
5459 808
5460 4511 9495
5461
5462
5463
5464
5465
5466 8727
5467 3904
5468
5469
5470
5471
5472
5473 9585
5474 9947 4524 2458 908
5475 9907
5476 3019
5477
5478
5479 7760
5480
5481 4381
5482
5483 1590
5484 4896 1433 1837 4801
5485
5486
5487 9899
5488
5489
5490
5491 9183
5492
5493
5494
5495
5496
5497
5498
5499 803
5500
5501 8632
5502 4695
5503 7969
5504
5505 9650
5506 5407 3175 289 911
5507
5508
5509
5510 2237 5582
5511
5512
5513 4846
5514 3266
5515
5516 5100
5517
5518
5519
5520
5521 7108
5522 2662
5523 1367 7300
5524 1900 6538 919 6352 2715
5525 6623 6694
5526 8288
5527 9841 5195 93 1193 302
5528 800
5529
5530
5531
5532 6017
5533
5534 6615 4639 5333
5535
5536
5537 5223 4924 3654 6551 7716 9058
5538 7249 5651
5539 2875 2926
5540
5541 2573
5542 1893
5543 7043 200 8034
5544
5545 2291
5546
5547
5548 8857
5549
5550 6339
5551
5552 6707
5553 9925
5554 1407
5555 9622
5556
5557
5558 3069
5559
5560 3794 3222 1692 3275 4200
5561 1466
5562
5563
5564 1233 422
5565
5566
5567 570 8895
5568 1887
5569 1201 9309
5570 3892
5571
5572 3215
5573
5574 3070 2517
5575
5576 4293
5577
5578 1305 1346
5579 2688
5580
5581
5582 1329
5583 1591 6026
5584
5585
5586
5587
5588
5589 424
5590 1122
5591 4861
5592 9840
5593 5558
5594
5595
5596 5689
5597 9189
5598 6885 5486
5599 6752 8643 6628
5600 7236 6942
5601 6009
5602 9633
5603 2033
5604 8036 8312
5605 1823 1906
5606 6602
5607 6781
5608
5609
5610 4061 2940
5611
5612 5248 6627 9204
5613 7961 4787 4521 7337 937 4598
5614
5615 1111 3081 2987
5616
5617
5618
5619
5620
5621 1374 8812 7449
5622 5648
5623 987 3303
5624
5625 9713 1820
5626 3733
5627
5628
5629 4814 7805
5630 7335 7562 1156 4406
5631 17
5632
5633 4236 72
5634 9195 5470
5635 8573 6430
5636 9470 8982 8286 6994 6066
5637 9897 8609 7638
5638 5548
5639 1832 8197
5640 5736 6530 4013 4656
5641
5642
5643
5644
5645 4206
5646 7890
5647 3335
5648
5649
5650 9025 5382
5651
5652 8088 8090
5653 2891 9827
5654
5655
5656 454
5657
5658
5659 913 1925
5660
5661 4778 4642 5662
5662
5663 2748
5664
5665 1569 5717
5666
5667 8933
5668 2106
5669 4018
5670
5671
5672
5673
5674 7092
5675
5676 6133
5677
5678 723 1922
5679
5680
5681 7021
5682
5683 9014 2116 2712 5579
5684
5685 9977 3 2465
5686 6782
5687 6654 9228
5688
5689
5690
5691 4741
5692 4025 6169
5693
5694 2793
5695 455 3712
5696
5697
5698
5699
5700
5701
5702 2069
5703
5704 4409
5705
5706
5707 626
5708 959
5709
5710 5081 9752 8218
5711
5712
5713 495 6004 7655 6032 4093
5714 2043
5715
5716 7954
5717 8701 4547
5718 4155
5719
5720 2406 1011 2998 4789
5721 489
5722
5723
5724
5725 4859 9468
5726 1287
5727 1
5728 9914
5729 4122 6115
5730 3984 8069 3356
5731
5732
5733
5734 6693
5735 3528 3648
5736
5737
5738 4443 269 485
5739 1561 482
5740 1036
5741 3423 607
5742
5743 25
5744
5745 2028 7528
5746
5747 5855 6148 2051
5748
5749
5750 5068
5751
5752
5753
5754 8768 2765
5755 469
5756 1010
5757
5758
5759
5760
5761
5762
5763 6702
5764
5765
5766
5767
5768 6409
5769
5770 7005 5481 4611
5771
5772
5773
5774 5867
5775 6241
5776 4793
5777 6395
5778
5779 6958
5780 1095
5781 777 3695
5782 2742
5783
5784 4704
5785 7433 9863 348 1873
5786 5696
5787 3182 4353
5788 8562 6196
5789
5790
5791 5913 9017
5792 8666
5793 8602 8397 5306 798
5794 3768
5795
5796
5797
5798
5799 8101
5800
5801 5297
5802
5803
5804
5805 4005
5806
5807 2046 6165
5808
5809
5810
5811
5812
5813
5814 2098
5815 9074
5816 9206
5817 6184
5818
5819
5820 1263
5821
5822
5823 719
5824 6113
5825 596
5826
5827
5828 9311 3924 2896
5829 7387 7491 4672
5830
5831
5832 6025 9188
5833
5834 67
5835 572
5836
5837 2108
5838
5839 5420
5840 1759
5841 622
5842
5843
5844 1630
5845
5846 1324 1833
5847 3018 1650 6902 146
5848
5849 8621
5850
5851
5852 2794 3138 2649 6773 3783 7113 1339
5853
5854
5855
5856 5237 9389
5857
5858 3795 5569 8076
5859
5860
5861 6893 8804
5862 8428
5863 4947 3524
5864
5865 7712
5866 4405
5867 7286
5868 8188
5869 2154
5870 35
5871 8455
5872 4116 3132 7623 8718
5873 3454
5874
5875
5876
5877
5878 1822
5879 9319 7835 7297
5880 1824 5280 1330
5881
5882
5883
5884
5885 4264 3855
5886
5887 3554 5831
5888
5889 8052 8848
5890
5891 9808 6357 6438
5892
5893
5894
5895 162
5896
5897 6361
5898
5899 3088 5675 7630
5900
5901
5902 3731
5903 3180
5904
5905
5906
5907
5908 2931 7748
5909
5910
5911 3372 1686 9199 5738 1524 3772 2544 3535
5912
5913
5914
5915
5916
5917 9225
5918 6376
5919
5920
5921 1108 6576 5161 9429 2763
5922 7261
5923 4992 9911
5924 2705 9287 6844 1732
5925
5926
5927 7193
5928
5929
5930
5931 8656
5932 7819 1724
5933
5934 5415
5935 9015
5936
5937
5938
5939 7304 4472 3133
5940
5941
5942
5943 5625 7247 77 580
5944 2787
5945
5946 6731
5947
5948 3465 804 5750
5949
5950
5951 4217
5952 5101
5953 2915
5954 4868
5955 2511 9960 8176
5956
5957
5958 5545 3752 8376 5650 1928
5959 7920
5960
5961 2625 8369 3849 5957
5962 5600 4075 3076
5963 7063
5964 8266 4780 4802 2595 9460
5965
5966
5967
5968 6114
5969 3492 1115
5970
5971
5972
5973
5974
5975
5976 2258
5977 8142
5978
5979
5980 7680 6863
5981 2198 9110
5982
5983
5984
5985 2020 5092 1670 3690
5986
5987 5638 3407
5988
5989 6161
5990 4673 8891 5767
5991
5992 6144 1604
5993 150 9377
5994 2229
5995
5996 3011 1053
5997 54 1531 1954 4377
5998 3037
5999
6000 4149
6001
6002
6003 4545
6004
6005
6006
6007
6008
6009
6010 9049
6011 1059 2222
6012
6013 8698
6014
6015 2540
6016 9088 3550 3209
6017 6846 8421
6018
6019 5779
6020
6021 1859 1828 2499 8825
6022 3823 9055
6023
6024 3587 7181 1519
6025 406
6026
6027 9804
6028
6029 2561
6030 9272 3322 8239 5998
6031 3212
6032
6033 5230 4702
6034
6035
6036 0
6037 1539
6038
6039
6040
6041
6042
6043
6044 7219 7963
6045 6594 7423
6046
6047 2611 7353
6048
6049 3732 2796
6050
6051
6052
6053 6337
6054 771 7345
6055
6056
6057
6058 1217 7524 8084 9433 4975 5994 2157
6059 8703
6060 5731
6061
6062 6454
6063
6064 7177
6065 8248
6066
6067
6068 2610 8043 6660
6069
6070
6071
6072
6073 9054 2038 5162 5026 1268 1752 7875
6074 4876
6075 3118 4941 9771
6076 8532
6077
6078
6079
6080 650
6081 8853
6082
6083
6084 7382
6085 6375
6086 5573
6087 4811
6088
6089
6090
6091 7632 1556 2667
6092 8846
6093 8102 6701
6094
6095
6096 7965 349
6097
6098
6099
6100
6101
6102 8919
6103
6104 2163 840
6105
6106 8794
6107 5236
6108
6109 3317
6110
6111
6112 5311
6113
6114
6115
6116 3227 4839 8426 6297 8019 1878 3193 6131 9697 2772 5398 5129
6117
6118 9641 4696 4362
6119 9674
6120 4283
6121 6979 8018
6122 687
6123 1809
6124 4592 9870
6125
6126
6127
6128 4065 5843 4973
6129 5307 9356
6130 8608 3621 1033 8447 863 4830
6131 2695 2181 7702 7010 3710 3292
6132
6133
6134 9114
6135
6136 1297 4997
6137
6138
6139
6140
6141
6142 857 9577
6143
6144
6145 1191 6967
6146
6147
6148
6149
6150 1689 3834
6151
6152 7841
6153
6154 6052 9967
6155 1438 6924
6156
6157
6158
6159 9115
6160
6161 3709
6162
6163
6164
6165
6166 4986 4210 9425
6167
6168 5819 5356 9937
6169
6170
6171 8777
6172 738 7078
6173 2505
6174
6175 7570 9289 7311 4368
6176
6177
6178
6179
6180 7185 1342 1898
6181
6182
6183 7786
6184 444
6185
6186
6187 8230
6188 3325
6189 1581 6895
6190
6191 3804 7688 3305 7348
6192 7863 327
6193 7915
6194
6195 7717 8155 6547
6196 3553
6197
6198
6199
6200
6201 6070 1919 1642
6202
6203 9207
6204
6205 1432 753
6206
6207 5460 5744
6208 8412
6209 9678
6210
6211
6212
6213 7080
6214 6230
6215 3946 3424 3004 7869
6216
6217 5158
6218
6219
6220 3931
6221
6222
6223 1937
6224 5502 3581 5235
6225
6226 1402 4882 8499
6227
6228
6229
6230
6231
6232 9046 9104 2516 2208 5021
6233 3462
6234 1527 956 6350
6235
6236 6889
6237 5346
6238
6239
6240
6241
6242 5758 7131
6243 6847 1515
6244
6245 1310 8725
6246
6247
6248
6249
6250
6251 1127
6252
6253
6254
6255
6256 425 9372 2904
6257
6258
6259
6260
6261 3519 1639
6262 3816
6263 3378 7619 2985 2927
6264
6265 7886 8051 9646
6266
6267 997
6268 5298 8450 3092
6269 9904
6270 7245
6271
6272
6273
6274
6275
6276
6277 1409 4304
6278 4146 7479 4049
6279 1012
6280 4401
6281 225 7338 3463 443 790 9544
6282
6283
6284 7798
6285
6286
6287
6288 6840
6289
6290
6291
6292 6428 1227 8795
6293
6294
6295
6296
6297 7064 5683 8430 6753 1003 447
6298 1399 2740 709
6299 4786 1871 2697 7744 2244 7639 2970
6300
6301 8528 7502 6640 909 4886 7901 905
6302
6303
6304 3404 8325 1557 8653
6305 4943
6306
6307
6308
6309
6310
6311
6312 2330
6313
6314 741 55 4951 7608 6156
6315
6316 4173 7864
6317 2631
6318 2378 3537
6319
6320
6321
6322 1462 1270 9269 8445
6323 9136
6324 2072
6325 6678
6326
6327 6330 1215
6328 1492 3846
6329 6734 2862 1420 8520 4427
6330 5922 1301 6639
6331 3392 9798
6332 8651 6309
6333 2836
6334
6335 3293 542
6336 5140 8775 368
6337
6338
6339
6340 342
6341 1572 9645
6342
6343
6344 2545 1763
6345
6346 5550 8521
6347
6348
6349 8053 1815
6350 4453 4644
6351
6352
6353
6354
6355
6356
6357 284
6358
6359
6360
6361 8676
6362 5780 9077 4139
6363 2413 4316 9509 5262 2669 6586 2508 9667 3120 1674
6364
6365
6366 313
6367
6368 4816 1110
6369 5718
6370
6371 7532
6372 9096 3773
6373 2928
6374
6375
6376 8276
6377
6378 9246 9801 8138 5983
6379 3191
6380
6381 2113 9203 5804
6382
6383
6384 4619 91 3762
6385 3249 9227 7811
6386 7071
6387 8418
6388
6389 4907
6390
6391
6392 4479
6393
6394 5846 1597
6395
6396 5667 2410
6397
6398 2909 1658 677 6732 2347 4937
6399 3164
6400
6401 4792 501 5888 5405
6402
6403
6404 5661 565 5598 2031 8203 5656
6405 1509 6503 3896
6406
6407 2321 6764
6408
6409 396
6410
6411
6412
6413
6414 4699
6415 5303
6416 8744
6417 3299 6151
6418 190 7173
6419
6420
6421 5057 1286 8330
6422
6423 7535 4433 9455
6424
6425 8228
6426 9619
6427 3569 7531
6428 3815
6429
6430
6431
6432 4300
6433 9725 6422
6434
6435
6436
6437
6438
6439 400
6440 8181 8922
6441
6442 8332 276
6443
6444
6445 5928 2733 8765 7059
6446
6447 4284 4605
6448 1625
6449
6450 9007
6451
6452
6453
6454 7560 4894
6455
6456
6457
6458 4903
6459
6460 5980 4250
6461 6132
6462
6463 8220 4072 692
6464 553
6465
6466 7411 6389
6467 7735
6468 6079
6469
6470 745 3500 6598 1631
6471
6472
6473 9601 2941
6474 3321
6475
6476 6737 8355
6477 3192
6478 423 651 3370
6479
6480
6481
6482 6328 8985 9380
6483
6484
6485 3481 2333
6486 850
6487
6488
6489
6490 4972
6491
6492 4241 9656 4500
6493 7881 9638 5256
6494 1356 8879
6495 5374
6496 3229
6497 3927
6498
6499 7825 5417
6500 2838
6501 9838 1170
6502
6503
6504 9234
6505 2803
6506
6507
6508 8792
6509
6510
6511 5584
6512 9621
6513 4494 4823
6514
6515 6435 5842 554
6516
6517 9378
6518
6519
6520 9094
6521
6522 6933 2828
6523
6524 4939
6525
6526
6527 1166
6528 4355 6039 7917
6529 9720 7746 2823
6530 1647
6531
6532
6533
6534
6535
6536
6537 2570
6538
6539 3533
6540 235 5027 8851 6421 1138
6541 223
6542 3022
6543 7960
6544
6545 5480 1939 7851
6546 5890
6547
6548
6549
6550 503 8577 5681
6551 2820 972
6552 1415 9581
6553
6554
6555 6601 1640 4475 9985
6556
6557
6558
6559
6560 6925
6561 4996
6562 9545
6563 5874
6564 3514
6565
6566 1282
6567 6432 8507 8644
6568
6569
6570 5225 8452
6571
6572
6573
6574 4034
6575
6576 1504 7199
6577 4376 3048
6578
6579 896
6580
6581
6582
6583
6584
6585 4888
6586 6054
6587
6588 7921 8923
6589
6590 4281 2770
6591 4009 118 9711
6592 2850 1157
6593
6594 1160 3527 4258
6595 6516 7418 4339
6596 9197 4474 8889 6672 1834 7013 5645 3406 3778
6597
6598
6599
6600
6601 188
6602
6603 4198
6604 1373
6605 3649 4883 7470
6606
6607 1058
6608
6609
6610 7506
6611 7643
6612 6569
6613
6614
6615
6616
6617 5968 305
6618
6619
6620
6621
6622
6623
6624 1565
6625
6626
6627
6628
6629
6630
6631
6632 9238 1088
6633
6634 7463
6635
6636
6637 3850 1280 8882 2498
6638
6639
6640 1366 1020 1739 1357 882
6641
6642
6643
6644 7412 5171 9762
6645 3432 5539 2401 8625 971 3856
6646
6647 9383 6955
6648 9060 8012
6649 1212
6650 629 8852 5452 3657 6189
6651 421 9186
6652
6653 1697 267 3704 5384 927 8044 8533
6654 1771 7581 7030
6655 3100 6647 6513
6656 1916 5063
6657
6658 9436 4963
6659
6660
6661
6662
6663 1165
6664 9604 824 8583
6665 2491 152
6666 8132
6667 4212
6668
6669 1911 6059
6670 1566 6719
6671 4138 178
6672 2694 1436
6673 5823 27 9685
6674 1429 8264 7427
6675 9164 1049
6676 3836 4086 9690 3852 8056 8305 8627 2172 5659 1382
6677
6678
6679
6680 5224 5839 3694 9210
6681
6682
6683 1243
6684 9617
6685
6686 4719 3780
6687 6919
6688 6866
6689 6055
6690
6691 619
6692 74 1525 7861 5991
6693
6694 6509
6695
6696
6697
6698 8684
6699 2189 1990
6700
6701
6702 9264
6703 286 5018
6704
6705 8593 7868 7027
6706
6707
6708
6709
6710
6711 4171 4189 5121
6712 4214 600
6713
6714 2562 3646
6715
6716 633 3080
6717 4272
6718
6719
6720
6721 7793
6722
6723 4964
6724 3428
6725
6726 975 5522 3592 4716
6727 7230 8901 2942
6728 8409
6729 2436 7812 556 3736 1224
6730 6599
6731
6732 3620 8477 4788
6733 7275 8244 9954 5623 354 4070
6734 7112
6735 1391 5987 5778
6736 3792 3541 7704 5457
6737 1447 5426 2438
6738 5992 9257 154
6739
6740
6741 1086 2500 2039
6742
6743 9506 4899 8072
6744
6745 4739 8010
6746
6747
6748 9415 3224
6749
6750 7665
6751 2117
6752
6753 8926 4805
6754 7697 9080 1057
6755
6756 6808
6757
6758 1207
6759
6760
6761
6762
6763 8876
6764
6765 2130 5459
6766
6767
6768
6769
6770
6771
6772
6773
6774
6775 299
6776
6777
6778 7214 5458
6779 5743
6780
6781 8600 8049
6782 7605 2514 9029 3544
6783 197 4920
6784
6785 8524 5056
6786
6787
6788
6789 3515
6790
6791
6792 5785 9152
6793 2095 8403
6794
6795
6796 3030
6797
6798
6799 7862 9500 6255 7675
6800
6801
6802 6063
6803
6804
6805
6806 3241 3139
6807 8665
6808 2090 4559
6809 4777
6810
6811
6812 5641
6813
6814
6815 5365
6816 7225 7730
6817 2469 7343
6818 4100
6819 6254
6820 9236 6853 526 4048
6821 272
6822 928 9139
6823
6824
6825 659 7887 9375 8930 4960 657 4713 936
6826 3060 3659
6827
6828
6829 6287
6830 9721 7934
6831
6832 9483
6833 8121
6834 823
6835
6836 4539 9900
6837 4237
6838
6839 6235 991
6840 6682
6841 880 3469 5241 8115
6842 3218 7206
6843
6844
6845
6846 6907 5045
6847 5752
6848 6219
6849 7340
6850 5926 6433 603 9381 9793
6851
6852 6651 9588 4783
6853 4817
6854
6855 2008
6856
6857 9606
6858
6859
6860
6861 4510
6862 29
6863 1585 6843
6864 1679
6865
6866
6867 2298 8335 1218
6868
6869
6870
6871
6872
6873
6874 1558
6875
6876
6877 8740 2365
6878
6879 5399 3761 3295
6880 2159 7159
6881
6882
6883
6884 2775 6425 8170 9347
6885 558 515 8245
6886
6887 7144
6888
6889
6890 7148 2293 3845 4707
6891 8863
6892 1132 5270 2612 5484 9012 9071 2815 2397
6893 9251 2623 3337
6894
6895
6896
6897 8574
6898 8454
6899 6412
6900
6901 2618
6902
6903 2447
6904 1718
6905 965 8422 9552
6906
6907
6908 5902
6909 1472 1866
6910
6911 4513
6912
6913
6914
6915
6916
6917 9158 1668 6823 9775
6918 7899
6919 4657
6920 3308
6921
6922
6923 5073 4806 5828 2089
6924
6925
6926 5893
6927 4104 8525
6928 5560 5939 4841 7240 8981 761
6929 5563 8505 8719
6930 8400
6931 5080 9553 3059
6932
6933
6934
6935 7511 5733
6936
6937 9174 1816 4593 106
6938
6939
6940
6941 7750
6942
6943 9260
6944
6945
6946 2996
6947
6948
6949
6950
6951 8309 4465 4054 903 1667
6952 8797
6953 9124 550
6954
6955
6956
6957
6958
6959 124
6960
6961 4455 1818 4711
6962
6963 2871
6964
6965
6966 6213
6967
6968
6969
6970
6971 743 7398
6972
6973 3402 5608
6974 4223 970
6975
6976
6977
6978
6979 4496
6980
6981 4589
6982
6983
6984 297
6985 9134 412
6986
6987 8226 2276
6988 9799
6989
6990
6991
6992
6993
6994 4418
6995 4796
6996
6997 1131
6998
6999
7000 9875 5218 1611 3471
7001
7002
7003 1392
7004 1090
7005 6512
7006 6549
7007
7008
7009
7010
7011 8389 8095 8970 5647
7012 7473
7013 8963 352
7014
7015 8619
7016
7017
7018
7019 7759 8205
7020 3174 4476
7021 6541
7022
7023
7024
7025
7026
7027
7028 5935 9
7029 5155
7030
7031 3024 5404 3499
7032 2802 4791 8137
7033
7034
7035 8553
7036 7395
7037 5314 9290
7038
7039 9831 8956
7040 4404
7041
7042 7981 9787
7043 6355 4570
7044
7045
7046 3580
7047
7048 4635
7049
7050
7051
7052
7053 1249 3727
7054 1147 6855
7055
7056 6655 9765 6891
7057
7058 8677 9910 7763
7059
7060
7061
7062 3997
7063
7064 1015
7065 4430 8516
7066
7067
7068
7069
7070
7071
7072 6864
7073 6769
7074 8756 3914
7075 8192
7076 5213 5737
7077 4848 119
7078
7079
7080 5028 3753
7081 9852 6604
7082
7083
7084 7007
7085
7086 1336 7756
7087 3770 5012 9938
7088 3626 6390 7242
7089
7090
7091
7092 7440
7093 5691
7094 5878 4651 6142 7962 2550
7095 6051
7096
7097
7098
7099
7100
7101
7102
7103 8604
7104
7105 513
7106 4582
7107
7108
7109 98 3258
7110 6259
7111 6868 9108
7112 5107
7113 1041
7114 9432 5580
7115
7116
7117
7118
7119 3318 1696
7120
7121
7122 7552
7123
7124
7125
7126
7127 4962
7128
7129
7130 5693 4374 6584
7131
7132
7133 3969 1711
7134 9182
7135 1098 111
7136
7137 4153
7138
7139 5186
7140 9957 8222
7141
7142 2035
7143 9408
7144
7145 9450
7146
7147 2981 6911 9556
7148
7149
7150 5364
7151
7152
7153
7154
7155 5231 7583
7156
7157 5002 415
7158 9366 5536 6379
7159
7160
7161
7162
7163 8243
7164 1784 1626
7165
7166
7167
7168 1404 5762 3531
7169
7170 4207 8224
7171
7172 5583 4385 9730 5646 3065
7173
7174
7175
7176
7177 3108 4898
7178 2706
7179
7180
7181
7182
7183 2950
7184 7848 2953
7185 3294 6488
7186 2466
7187
7188 7820 7902
7189 6480 5185 4662
7190
7191 1499 9348 8662 2249 9877 8866
7192 8148 2860 5010 6579 4736 1220
7193 5319 2932 2292
7194 9009 4852 3865
7195
7196 8648 4477
7197
7198
7199 8322 8531
7200 7061
7201 2689
7202 82
7203 7945 6284 6606
7204
7205 8841 4630 429
7206
7207
7208 2753
7209
7210 2417 2534 6159 2467
7211 3323
7212
7213 590
7214
7215
7216 3145
7217 5617
7218
7219 3702
7220 9208 9814
7221
7222
7223 7400
7224
7225 2806 6922
7226 740 2633 6453
7227
7228
7229 772
7230 6689 372
7231 3154 9519 4897 3668 4252 4769
7232 587 9634 7129
7233
7234 8905 7101 1238
7235 205
7236 2829
7237
7238 5916 353 1802
7239 9160
7240 1182 3817 4766
7241
7242 5239
7243
7244
7245
7246
7247 9032
7248
7249
7250 9451
7251
7252
7253
7254 6646 5508 1675
7255
7256 8009
7257 65 3906
7258 5520
7259
7260 4396 411
7261 75 1935
7262
7263
7264
7265
7266 3330
7267 3824
7268
7269
7270
7271 5590 4458
7272 8709 5594 1445 6610
7273
7274 3189 2325 7860
7275 8304 8167 6298
7276
7277
7278
7279
7280 3763 877 1762 5379
7281 8074
7282 3520
7283
7284
7285 6555 9027 3738
7286
7287 7682 6294
7288 5824 2076
7289 2101 3349 198 5312 4266 2212
7290
7291
7292 6916
7293 3336
7294
7295
7296 8589
7297 3201 3676
7298 6959
7299
7300 606 4017 139
7301 7582 2446
7302
7303 1789 4142
7304 3285 2041 1571 4309 1362
7305 560 7722
7306 806 1926 2676 5448
7307
7308 5355 5
7309 7499
7310 1142
7311 1589
7312
7313 7972 9310
7314
7315
7316
7317 1029
7318 5530 1378 639 2151
7319 647
7320
7321 5258 8697
7322 5829
7323
7324
7325
7326 6750
7327
7328
7329
7330
7331 2373 4185 9358 7253
7332
7333 7408
7334
7335 4021 6265 2936
7336
7337 7718
7338
7339 9741
7340
7341
7342
7343
7344
7345
7346 1004
7347 8742
7348 3779 507 7452
7349
7350 9535
7351
7352 9043 5247 7045
7353 907 1573
7354
7355
7356
7357 3739
7358
7359 26 6644
7360
7361
7362 2058 9434
7363
7364
7365 1672 9524
7366 2443 2786 7460
7367 9299
7368 8640
7369 4909
7370 3173 2501
7371 1231
7372 9534 7212
7373
7374
7375 5243
7376 1684 8479
7377 8983
7378 2485
7379 1555 8153
7380
7381 3866 7066
7382
7383 8041
7384
7385
7386
7387 7226 2895 5849
7388
7389 6650 1001
7390
7391
7392 4253 9091
7393
7394 8144 8886 8350 5546
7395
7396 4988 5040 5701
7397
7398
7399
7400
7401
7402 5552 259 9121
7403 5686 8513 290
7404
7405 7685 3909 1418
7406
7407 6744 2471 8971
7408
7409
7410 2180
7411 6818
7412
7413 2917 5716
7414 8482
7415 7137 8314 822
7416 4968
7417
7418 5456 2944
7419 864
7420
7421 5640
7422 7414
7423 4078
7424
7425 4978
7426 1285
7427
7428 2737
7429
7430
7431
7432
7433 4267
7434
7435
7436 7664 3721 7595 8349 5329
7437 1347 2924
7438 6307
7439 1910 2717 1503 5083
7440 2991 5658
7441 1780 5429 2939 4125
7442
7443
7444 8623
7445
7446
7447 2784 6139 8200 6865 2398 6247
7448
7449
7450 317 1406 5416 4689
7451 5570
7452
7453
7454
7455 4120
7456
7457 2531
7458 15
7459 5925
7460
7461
7462 5461
7463
7464 3334 8410 5634
7465
7466
7467
7468
7469
7470
7471
7472
7473
7474
7475
7476 8605 5394 7386 9779 3532 8606
7477 502 9198 9587 9550
7478 9443
7479
7480
7481
7482 3214 9559
7483 3450
7484
7485 7521 4182
7486 530 5564 9194
7487 6448 961
7488
7489 8496
7490
7491 1656
7492 4602 2307
7493
7494 1660 1662 6788
7495 8670
7496
7497 5965 635
7498 1320
7499
7500 8303 1169
7501
7502 9848 2329 4654 1078 9672 6952
7503 1760
7504
7505
7506
7507 4601
7508
7509
7510 3221 1942
7511 219 493
7512
7513 5317
7514 3479 5167
7515 4730 2537 2158 6987 8587 933 1214 6557 4077
7516 6242
7517
7518
7519 10 7250 3539
7520
7521 9452
7522
7523 3745 4643 7073
7524 5331 5709
7525
7526
7527 9191 2004
7528
7529
7530
7531
7532
7533
7534 8664 8965 2969 1120
7535
7536
7537
7538 193
7539 5328 3793
7540 3360 2922 6155 195
7541
7542 7813
7543
7544 9666
7545 2303 1903 7708 1805 6714 8591 3403 4737 2103 1073
7546
7547
7548 2680
7549
7550 5911 9232 6793 2405
7551 7006 6249
7552
7553 9726
7554
7555 3700
7556 4229 5886
7557
7558 7174
7559
7560 5571
7561
7562 841 1434 1511
7563 775 5856 916 7721
7564 8071
7565 7453
7566 5283
7567 4179
7568 7948 3113 2949
7569
7570 3765 7988
7571
7572 2504 1592
7573
7574
7575
7576
7577
7578
7579 8413 147
7580 8316
7581
7582
7583 7371
7584 6152
7585 2642 3047
7586 445
7587
7588
7589 7254 644
7590 4360
7591 9855
7592
7593
7594 3863
7595 5488
7596 3219 3363 1479
7597 2432 9314
7598 9760 519 5332
7599
7600
7601 2283
7602
7603
7604
7605 5601 5649
7606
7607
7608 5279
7609 8994 135 6857 5504 9361
7610
7611 6465
7612
7613 5386
7614
7615 9399
7616
7617 7117 5815 5273
7618 1715 2809 4302 3455
7619 2331 2476
7620
7621
7622
7623 1107 9774
7624 232
7625 1949 6728 6012
7626 477 6445 5175
7627
7628
7629 2332
7630
7631 2520
7632 2454 7282
7633 2714
7634 9614
7635
7636
7637
7638
7639 2127
7640 9069
7641
7642
7643 6563
7644 2798
7645
7646
7647 375 1325
7648 3677 2448 5291 8014 8729
7649 7407 6015
7650
7651 9265
7652 4534 2383
7653 2389 8193 3937
7654 4776
7655
7656 7559
7657
7658
7659
7660 7547 8693
7661 6464 5721 2444
7662
7663
7664
7665
7666 1583
7667
7668
7669
7670 7266 8705
7671
7672
7673
7674
7675
7676 5211
7677 8634 8989
7678
7679 585
7680 3722
7681
7682
7683 4096
7684
7685 2169 1955 5533
7686 9477
7687
7688 7032 2578
7689
7690
7691 9661 7328 95
7692 4452
7693
7694
7695
7696 6019 8116 4121 3838
7697 6207 7375
7698 654
7699
7700 4681 4504 783 624
7701 4514 6368 8064 2060 3149
7702 9008 7871 7576
7703
7704 7180 5666 6112 2609 4202
7705 998
7706
7707 8689
7708 3124 950 9620
7709
7710 2119
7711
7712
7713
7714 2916
7715
7716 2289 4953 8798 1731
7717 2200
7718
7719 1116 4259 9809
7720
7721
7722
7723
7724
7725
7726 9578
7727 9997
7728 1103 7277
7729 6369
7730 749
7731 4573 3001
7732 8753
7733 8927
7734 6635
7735
7736 9684 6397
7737
7738 7494 8819
7739
7740 1006 9002 5341
7741
7742
7743
7744 9670 231 7982
7745 8164
7746
7747 3509 2672
7748 960 7774
7749
7750 9281
7751 5143
7752 2155
7753 3972 3365
7754 1657
7755 3097 4703
7756
7757 3952 6062
7758
7759 7520 483 8133
7760 6834 9548
7761
7762
7763 8631
7764 9564 9834 2342 7883 5251 8096 8011 8075 76 8932
7765
7766 2462 5500 8097 1063
7767
7768
7769
7770
7771 8067 7936
7772 4610
7773
7774
7775
7776
7777
7778 9130 4827 3270
7779 8830 7459
7780
7781
7782 4020 5877
7783 4400 7410
7784
7785
7786
7787
7788
7789
7790
7791 2731 9386 186 6608
7792
7793
7794 3803
7795 4763
7796 8108
7797
7798 1016
7799 7019 2037 9288
7800 4367 133
7801
7802 4416
7803
7804
7805 6198 7858
7806 4274
7807
7808 4509 1826
7809 7564
7810 989 274 8568 7646
7811
7812 6268 6595
7813 8253
7814
7815
7816
7817 9704 3687 9965 2100 4745
7818 2738
7819 4754
7820 6109 8015
7821
7822
7823
7824 9125 7122 3261 1690
7825 3436 1890 5871
7826
7827 6162
7828 2813
7829
7830
7831
7832 295 1206 4014 7223 5133
7833 4693
7834
7835 479 7341
7836
7837 4688
7838
7839
7840
7841
7842 3971 1488
7843 5740 9905 8735 688
7844 5841 9315
7845 2353 1226
7846
7847 5607 2173
7848
7849 3597 81 559 875 4410 6443 9525 2442 2873 6127
7850 7260
7851
7852 3629 4201 1276
7853
7854
7855
7856 310 4768
7857
7858
7859 7022
7860
7861 5467
7862 42 1966
7863
7864
7865 4052
7866
7867
7868 4115 49 8925 7932
7869 4772
7870 6820 4246 2390 8415
7871
7872 2054 5099 2795 1946 6676 2310 8211 2698 9003 8655 3408 5153 810 926 8039
7873
7874 2643
7875
7876 7220 5808
7877 4449 1260 6384 1579 8679
7878 5272 4234 5720 224 8435
7879 7314
7880 4311
7881 2744 9675
7882
7883 9722 5669 8241 3488
7884 4114
7885 1765
7886 3895
7887 2525 3257 952 8907 7151
7888 3376 4059
7889 2264
7890
7891
7892
7893
7894 7854
7895 3570 8946
7896 7561
7897 4870
7898 6486
7899
7900 566 3656 963 9230 6064 2219
7901
7902
7903 9859
7904 6560 9332
7905
7906
7907 5534 8943
7908 3919 8028
7909
7910
7911 9815
7912 5149
7913
7914 3473 9608
7915
7916
7917 4965
7918
7919
7920 7198
7921 1614
7922
7923
7924
7925 6679
7926
7927
7928
7929 7909
7930
7931 3466 5487
7932 8712 5469 801
7933
7934 4648
7935 8543
7936
7937
7938 1427 3441
7939 9411 4109
7940
7941
7942 7104
7943
7944
7945 7720
7946 8538
7947 6961 6519 5373 3684 6795
7948 7952
7949 1782 8671
7950 2480
7951 9146 5439 2409
7952 7636 983 2869
7953
7954 3511
7955
7956
7957
7958 1839 4263
7959
7960 4265
7961 8764
7962 6300 4759 8195
7963
7964
7965 120 8394
7966 6862
7967 5321 8823
7968
7969 9644
7970 8273
7971 3983 4429 7546
7972
7973
7974
7975 8559 4525
7976 6125
7977
7978
7979
7980
7981 7487 9237
7982 716 3265
7983 966
7984
7985
7986
7987 685
7988 9263
7989 1380
7990 1923 3243 8210 3131 881
7991 504 1239 2923
7992
7993 1381
7994 6540 2183 9166
7995
7996 3419
7997 4001
7998 2274 6920 4857
7999
8000 7940
8001
8002
8003
8004
8005
8006
8007 9213 8380
8008 7476 7568 1748
8009 9565
8010
8011 4382
8012
8013
8014 141
8015 9169 5796
8016
8017
8018
8019 8817 8993
8020 2683 8762
8021
8022
8023
8024
8025 4755
8026 5639
8027 3789
8028
8029 2474
8030
8031
8032 5427 5323
8033 6356
8034 3434 4607
8035
8036
8037
8038
8039 8004 8774 8529
8040
8041
8042
8043
8044 6077
8045 4373
8046 8375
8047 9427
8048
8049 4337
8050
8051 1186
8052 2094
8053 4082
8054
8055
8056 9302 7196 7900 1563 1084 8654 1171
8057
8058
8059 7081 8586 7308
8060
8061
8062 4483
8063 3480 4426
8064
8065
8066
8067 6721
8068 2459 8474 3251 4723
8069 4649
8070
8071
8072 6588 1054
8073 575 8776 4748
8074 6476 1540 7444
8075
8076
8077 1877 6684
8078 7350
8079 2300
8080
8081
8082
8083
8084
8085 8796
8086
8087 8174 7983
8088 4618
8089 9440 157
8090 5338 6343
8091 1648
8092
8093
8094
8095 5378
8096
8097
8098 4348 7492
8099
8100
8101
8102 7672 7758
8103 7035 8329
8104
8105
8106 1236
8107
8108
8109
8110
8111 889 1498 8968 5357
8112
8113
8114
8115
8116
8117 266 1523 5836
8118
8119 1552 5112
8120
8121
8122 1460
8123
8124 9267 8929
8125
8126 2488
8127
8128
8129
8130 2240 5062
8131
8132 5411
8133 8561
8134
8135 6215 2699 3204
8136
8137
8138
8139 4729 2974 7725 4911 8948
8140 9687
8141
8142
8143
8144 6786 3729
8145
8146
8147
8148 9412 6494 9126
8149 5308 6821
8150
8151 6252
8152 8659
8153
8154 6316
8155
8156 9147
8157
8158 1387
8159
8160 8315 3960 4103
8161 1725
8162
8163 8916 1605 4448
8164 1825
8165 6930 8831 5619
8166
8167 8300 4038
8168
8169 4934 5746 6111 672
8170
8171
8172
8173
8174
8175
8176 9988
8177
8178
8179
8180
8181 8310 6074
8182
8183 2673 7326 1259 518
8184
8185
8186 1773
8187 3545 7792
8188 3381
8189 715 6049
8190
8191
8192 1473
8193
8194
8195
8196 2634
8197
8198 537
8199 7927 3854 6439 7842 2728
8200
8201
8202
8203 4170 528 9318 9154
8204 4860 2522 9335 8685 5145 3986 3867
8205 9738 2381 5371
8206 1202
8207 5168 3260
8208 8614 7322 9510 584 7208
8209
8210 1817
8211 2564 6299 7618 9562 8098 57 953 1385 8986
8212 2280 4531 6061
8213
8214
8215
8216 695
8217
8218
8219 8123
8220 9880
8221 1253
8222
8223 9179 758
8224
8225
8226 9214 2318 8242 5944 4822 6723
8227 5673 4446
8228 3961
8229
8230 6697 3625
8231 8862
8232
8233 2773
8234
8235
8236 3071 5996 7088
8237
8238 4872
8239 9098
8240 268
8241
8242 3601 2385 7310 6419
8243
8244
8245 7625
8246 2730
8247 5593 9778 1856 821
8248
8249 117 1933
8250
8251
8252
8253 8178 1598
8254
8255
8256
8257 1691 6381 6787 543
8258
8259 408 5232
8260 3384
8261 4712
8262
8263
8264
8265
8266 6985 9755
8267 6801
8268 4432
8269
8270
8271 1055 5557 8125 2073
8272 4715
8273
8274 3636 3058
8275
8276
8277
8278
8279
8280
8281
8282 5343 637
8283
8284 712 532
8285 7669
8286
8287 898 3912
8288
8289
8290 7041 2956
8291
8292 3843
8293 8261
8294
8295 5845
8296 5657 8433
8297
8298
8299 292 1272 9336
8300 3833 8949
8301 5132 5496
8302 765 478
8303 3010 8379
8304 7727 5182
8305 1247 5532 5238 306 5344 3879 2311 6839 3417
8306 2754
8307 3706
8308 6648 1456
8309 6080 7409 5574 7070 9733 7607
8310 8864 2132
8311 8978 7766 4402
8312
8313 8988 8887
8314
8315
8316
8317 3458
8318
8319 767 8130 8478 7770 2217 1487
8320 6618 2251
8321 6545 2423 6406 3413
8322 6043
8323 3758
8324 8510 8751
8325
8326 1261
8327 3352 6377 1978
8328 4835 4918 7075 8834 7973
8329 3206
8330
8331 567
8332 917
8333
8334 487
8335
8336 2460 9258 9100
8337
8338
8339
8340 5660
8341
8342
8343 6317
8344 3054
8345 4874 9961 9607 2818 5782 6335
8346 8278
8347
8348
8349
8350
8351 5159 974
8352
8353 6429
8354
8355
8356 1229 4228 6972
8357
8358
8359 2434
8360 3032
8361 28
8362 8235 8760
8363 2653 5033 3508 9896
8364 2963 5950 1986
8365
8366
8367 1480
8368
8369
8370
8371
8372
8373 4314
8374 2878 6711 1897 9712 4669 1045
8375
8376 6900
8377 6554 8945
8378
8379
8380
8381
8382 6878 8612 7004
8383
8384
8385 293 3017
8386 2109
8387 2743 6892 3086 3453 5672 9890
8388
8389 3040 8227 7691 1586 648 8146
8390 4317 7246
8391 7259
8392
8393 1197 6887 2867 868
8394 5116 5967
8395 321
8396
8397
8398 8393
8399 9635
8400
8401 748 7699
8402
8403 8967
8404 8171 8861 4230
8405
8406 1772
8407 7757 2370 5041
8408
8409
8410 3543 6212
8411 5881 9416 4574
8412
8413 1914
8414 3098 9102
8415
8416
8417
8418 9820
8419 4208 7574 8297
8420 2535
8421
8422
8423
8424 581 463 9654
8425 1983
8426 5212 3324 5872 6451
8427
8428
8429 4819 7361
8430 962 7200 6986
8431 6935 7368 634
8432
8433 9830
8434 7097
8435 2576 5472
8436
8437 7701
8438
8439 9157 1461
8440
8441 9926
8442 6120 5473
8443
8444
8445
8446 6048
8447
8448
8449
8450 8999 6348
8451 6495
8452
8453 2592 6854 405
8454
8455
8456 5074
8457 5542
8458
8459
8460
8461
8462 5180 5853
8463
8464
8465
8466
8467
8468 3851 9030
8469
8470
8471 3575 2241
8472 5703 4949 6107 132
8473 3586
8474 6600
8475 1755
8476
8477 8730 1308
8478 3530
8479
8480 149 8459
8481 7935
8482
8483 5260 176
8484 5391 303
8485
8486 8119 9786 8219 2223 2710
8487
8488 8104
8489
8490
8491
8492
8493 6320
8494 6649 1369
8495
8496
8497
8498
8499
8500 7613
8501 6271 6812
8502 1044 536 9689 6733 1970 4632 3594
8503
8504 7235 8327
8505 6182
8506 7889 5109
8507
8508 8471
8509
8510 9927 7910
8511
8512
8513 2096
8514 6797
8515
8516
8517
8518 8189
8519 3103 1810 9761
8520
8521
8522
8523 2560 6016 8596 5747 2034 8807
8524
8525
8526 5907
8527
8528 5451 3253
8529
8530 7077
8531
8532
8533
8534
8535 7677 8257 2495 309
8536
8537 4345
8538 5060
8539 8745 125
8540
8541
8542
8543
8544 3651 912 3992 1313
8545 1343
8546
8547 6562 7891 9016
8548
8549
8550 4674
8551 32 8827
8552
8553 3737
8554
8555 9517 2194
8556 3497 1240
8557
8558 930 3074
8559 5339
8560 2646
8561
8562 216 9940 9968
8563 4156 9829
8564
8565 8503 7370
8566
8567 2267 9062 8372
8568 7898 1988 14
8569
8570 2227
8571 5351 6799 7186 4468
8572 5920
8573 9682 1026 4562 4633 7175 22
8574
8575
8576 577
8577 4512 2049
8578
8579
8580
8581 3183
8582
8583
8584
8585
8586 1213 2338
8587 5136 9837
8588
8589
8590
8591 4107 1158
8592
8593 2255
8594
8595
8596 9239 5431 7238 5476
8597 2403
8598 4503 5822
8599
8600
8601 4388
8602 5514
8603
8604
8605 5004 2805
8606 6915
8607 6104
8608 4572 8607
8609
8610 4532
8611
8612
8613 3876 7799 3489 9984 6378 6470 8868 4422 2964
8614 2075 1181 5931
8615
8616 114 9513 164
8617 7852 395 2445 7445
8618 9992
8619
8620 5618
8621
8622
8623
8624
8625 7456
8626
8627 3262 9734 3350
8628
8629 3104
8630
8631
8632
8633
8634 6176
8635 7434
8636 6288 5794 6539 3994
8637 1886
8638
8639
8640
8641
8642
8643 1306 3052
8644
8645
8646
8647 9866 3893 5772 6459
8648
8649 2732 8381
8650
8651
8652
8653 6897
8654
8655 9330 7870 3083 6171 6570 7213
8656
8657
8658
8659
8660 7305
8661
8662 7551
8663
8664
8665
8666 8680 8295
8667 8092
8668
8669 4488 4050 9155
8670
8671
8672 6762
8673 555
8674
8675
8676
8677
8678 4485 5009 3746
8679 3584 1121
8680
8681
8682
8683
8684 3713
8685 6992 8758
8686
8687 183
8688 8114 8190
8689
8690
8691 7365 1296 8660 1693 2585 2377
8692
8693
8694 6030 1623 3887 6418
8695 8122 3478 3031 2893 4336
8696
8697
8698 4152
8699
8700
8701
8702
8703
8704 194
8705
8706 4647 794 8880 8334 7156
8707
8708
8709
8710
8711 2202
8712
8713 2627 9922 6903 2271
8714
8715 2703 9059 7544 2865
8716
8717 9463
8718 6097 3107
8719
8720 5764 4849 9701
8721
8722 2518
8723
8724
8725 785
8726 704
8727 7681
8728 2774
8729
8730
8731
8732 1444 9580 854 8913 4551 156 3609
8733 4980 1408
8734 6099 4650 5577
8735 8166
8736
8737
8738
8739
8740 6204
8741 8353
8742
8743 8204 1299 9190 4869 981
8744
8745 8843
8746
8747
8748
8749 7496 1405
8750 3982
8751
8752
8753
8754
8755
8756
8757 5537
8758
8759
8760 9038
8761
8762
8763 2959
8764 9339 1203 5801 2691
8765
8766
8767
8768 4686
8769
8770 2030
8771 1013 8832
8772
8773
8774
8775 828
8776
8777 5940
8778
8779
8780
8781
8782 1536 2913 4393
8783 1947
8784 4708
8785
8786 2371 4858
8787
8788 3774 3549 5654
8789 2027
8790 5523 8481 9391 3830 8340
8791
8792
8793 8150
8794
8795 4094
8796
8797
8798
8799
8800 8820 1060 2296
8801
8802
8803
8804
8805
8806 5265 3730 7882
8807 58
8808
8809
8810 2135
8811 9572 4012
8812 4586
8813 1389
8814
8815 8229
8816
8817 6322 2437 8667 5135 4278
8818 5704
8819
8820
8821
8822 6105
8823 4431 1400 9300
8824 9540 7204
8825 780
8826
8827
8828
8829 5422 391
8830
8831
8832
8833 9571
8834 5335
8835 4024 2817 358 1518 5389 4775 9323
8836 2036 8808
8837 4523
8838
8839 9481 3576 3271
8840 8747
8841 6593 3682
8842
8843
8844
8845
8846 4825
8847 4299 1018 5215
8848
8849 1209
8850 7944
8851
8852 1255 660
8853
8854 3812 2141 3119
8855 774
8856
8857
8858
8859 993
8860 7676
8861 5802
8862
8863 3289 5305 9869
8864
8865
8866
8867
8868 1307
8869 5122
8870 6426 7016
8871 9150 316
8872 2457
8873 778 8702 1187
8874
8875 4584
8876
8877
8878
8879 8001 6805
8880
8881
8882 1080 7076 1091
8883
8884 4366
8885
8886
8887 9469
8888
8889 6561 5503 7500 4851 7170
8890 3630 9879
8891
8892
8893
8894
8895
8896
8897
8898
8899
8900
8901 6197
8902
8903
8904
8905 7690
8906
8907 1704
8908
8909 5119
8910 2690 8396 8563 7768
8911 8328
8912
8913 345 3719 3168 2415
8914 7060 5294 7435 7599
8915 6138
8916
8917
8918
8919 5393 2294 5761
8920
8921
8922 3239 5421 7161
8923 8844
8924 9421
8925 1962
8926
8927 6948
8928
8929
8930 7791
8931
8932 3922 4554
8933
8934 5948 7661 3161
8935 6478 4542 8351
8936
8937
8938
8939 6583 2129
8940 6517 1334 9543 825 5387 4790
8941 2139 2429 3711
8942 7106 3331 9485 5395 8124
8943 8128
8944
8945 6842
8946
8947 7391 136 8259 7510 520 8884
8948
8949 852
8950 7628
8951 5414
8952 4331
8953 8500
8954 2233 1338 5050 1064 204
8955 2085 298 9723 8037 4463
8956
8957 6220 5592 6909 4663
8958 2070 3438 7127 8966
8959
8960
8961 3087
8962 1188 6341 1304 809 4491
8963 9122
8964 2399
8965 4437 9178 4134
8966
8967 5471
8968 7543 8759
8969
8970
8971 5254 2175
8972 1000 1032 3314
8973 5006
8974
8975
8976
8977
8978 6336 3970 9818 7778 3309 7840 5315 7831
8979
8980
8981
8982 4389
8983
8984 8683 1151
8985 3607 8184
8986
8987
8988
8989
8990 4271 9974
8991
8992 6671
8993 2121 4727 2513
8994 9796 5512 4273
8995
8996 3155
8997
8998
8999 9116
9000 8542
9001
9002 7306
9003 9507 4820 9772 3538
9004 4905
9005 3393
9006
9007 4187
9008
9009
9010
9011
9012 9373 2605 4177 9068
9013 1740 214 517
9014 3202 9816
9015
9016
9017
9018
9019
9020
9021 5734 6726 4808
9022 2844 4624
9023 2741
9024 7505 7034
9025
9026 9783
9027
9028 8212
9029 1491 1500
9030 2892
9031
9032 8263
9033 8713
9034
9035 7057 9636 988
9036 977
9037 9862
9038
9039 8990
9040
9041
9042
9043
9044
9045
9046 7191 2355
9047 8530 20 9244
9048 7222
9049
9050 418 9732 6717
9051 9928 2392
9052 335
9053
9054 7847 1478 6709 285
9055
9056 9908 5578
9057
9058
9059 8937
9060 718 9605 9107
9061
9062 6354
9063 8017 4403
9064
9065 3980
9066 2376
9067
9068
9069
9070 7525
9071
9072 1713
9073 9119
9074 4192
9075
9076 2195
9077 9093
9078
9079
9080 6867 8912 9874 6514
9081
9082 3612 2580 9051
9083
9084
9085 4568
9086 2053 2055
9087 4029 3460 379
9088 4438 2726
9089
9090
9091 1838
9092
9093
9094 1992 2111
9095 1414
9096 557
9097
9098
9099
9100
9101 3655
9102
9103
9104 1991 4184
9105 5008 9886
9106 9462 6246 2739
9107
9108 4180
9109 9479 3280
9110 7782 6931
9111
9112 5147 1102 417 9629
9113
9114
9115
9116 4659 3670 5228
9117
9118
9119
9120 2889 2785 8318
9121
9122
9123
9124
9125 2272 87
9126
9127 2228 280 211
9128 2451
9129 3942
9130 8732 7281 7938 9392
9131 902 879
9132
9133 2547
9134
9135 8223
9136 3968
9137
9138 40 9884 6633 6507
9139
9140 5862
9141 8639 2515
9142 4837 6983 7098
9143
9144
9145
9146
9147
9148 2553
9149
9150 8060
9151 1959
9152 2428
9153
9154 9593
9155
9156
9157 4517 6934
9158 5589 5402
9159 1463 3148 9215 4782 3410 8089 7419 8106 7610
9160 1271 1397 6040
9161
9162
9163
9164
9165 8437 7232 2052 6884 2176 7379 4325 2630 1861 2659
9166 1574 8087 8484 7943
9167 7024
9168 4209
9169 9324
9170
9171
9172
9173 733 239 1413
9174
9175 5390
9176
9177
9178
9179
9180 8964 5482
9181 7383 2450 9952 159 8498
9182 6466 2894 7279
9183
9184 5694
9185 1570 548 9000 1258 4948 4546
9186
9187 4932
9188
9189 7955 7089
9190 6485 7431
9191 5316
9192
9193
9194 4826
9195
9196 1707
9197 2234
9198 9969
9199 7124 5687 367
9200
9201 4850 9653
9202
9203
9204 1908 7309
9205
9206
9207
9208 4006 6462
9209 3905 3255
9210 2316
9211 8610 6706
9212
9213 9437 8423
9214 4056 9918
9215 782 7188 3355 8323 4390
9216
9217 4863
9218 8704 6101 9396 3606 393 4245
9219
9220
9221 31
9222 9664 4697
9223
9224 8293 5668
9225
9226
9227 9715
9228 9045
9229 5064 8630
9230 7930 7201 5826
9231
9232 9943 7668 947 7425 7976
9233 7439 8362
9234 369 1371 4553
9235 9858 1275 6585 229 1168
9236 7498 9579
9237 4321
9238 3766
9239 3252 3826
9240 984 6970
9241 3339 5919
9242 8465
9243
9244 7663
9245
9246 8068 5106 1610 5501
9247 9430 5191 7086 2989
9248
9249 1384 2670
9250
9251 1486
9252 5834
9253
9254 8194 8766
9255 3560
9256
9257
9258 3172
9259
9260
9261 5095
9262
9263
9264 4985
9265
9266 142 8202
9267
9268
9269 8368 3315
9270 203 4092
9271 2647 8522 3881
9272 24 2510 6190
9273 2286
9274 100
9275
9276
9277
9278 6874 8897
9279
9280
9281
9282 2231
9283 1714
9284
9285 4999
9286
9287 1737 2814
9288
9289 4917 3814 7745
9290
9291
9292 271 5444 94 1312 9737 3493
9293
9294
9295 3328 2835 4807
9296
9297
9298
9299 6696 3426
9300
9301 3861 5909 8306
9302 8135 6292 8061
9303
9304 2435 9167
9305
9306 7769 3171 3409 1454 7234
9307 1031
9308
9309
9310
9311 1065 7779
9312
9313 4555
9314 1865
9315
9316 5827
9317
9318
9319 5677 1050 4781 2487
9320 500
9321 992
9322 2161 486
9323 7974 4595 9328
9324
9325
9326 5975
9327 416
9328
9329
9330 2077 2091
9331
9332
9333
9334 3302
9335 3568 8802 9151
9336
9337
9338 2759
9339 7158
9340
9341 5680 9833
9342
9343
9344
9345
9346
9347 8490 6742
9348 5227 3696
9349
9350
9351
9352
9353
9354 2146 3784 3043
9355 7836
9356
9357
9358
9359
9360 2010
9361
9362 1163 168 9683
9363 631
9364 3341 6700 5090
9365 5226 5993 236 8158 7829
9366
9367
9368
9369
9370
9371
9372 4220 6827 8341
9373 2420 7687
9374 6590
9375 6301 3777 5609 9397
9376
9377
9378 7366 4552 2147 8706
9379 4064 2692
9380 4073 3573 6798 3678
9381
9382 4415 4604
9383 9497 7299
9384 492
9385
9386
9387 1514 2521
9388
9389
9390 5961 4670
9391 8031
9392 6461
9393
9394 6450
9395 7100
9396 6481
9397 2519 6546
9398 2664
9399
9400
9401 2191 6237
9402
9403
9404 1379
9405 707 6929 8523 3872 5037
9406
9407 4621 8191 5295 6831
9408
9409
9410 8695 494
9411 5187 439
9412 6741 1641
9413
9414
9415 8875 3277
9416
9417
9418
9419
9420
9421
9422
9423
9424
9425
9426
9427 2661 8565 3079
9428 5198 3319
9429 5150 4983 2781
9430 5837 3211 1621
9431 4095 9354
9432 6881
9433
9434
9435 4606
9436
9437 5910
9438 934
9439
9440
9441 7773 4767 5611
9442 9996 3064 3136
9443 3208
9444
9445 413
9446
9447 7268
9448 4083 8391
9449 9759
9450 4320 9630 4033 4760
9451
9452 1951
9453 1643 2050 9944
9454 1210 4227
9455
9456
9457 2971 89 1349 1497
9458
9459 7986
9460 4412
9461
9462 8773
9463
9464 7037 2701 7079 5462
9465 207 6767
9466
9467
9468
9469
9470 7367 9316 9909 9170 3158
9471 3699
9472 1889
9473
9474
9475
9476 6075 5000
9477 6420
9478 9441 7067 7803
9479 3217 1520 3921
9480 1222 5085 7867
9481 7517 1052
9482
9483
9484
9485 7216 9200
9486 4411 9764
9487 7065
9488
9489 8141
9490 7438
9491
9492
9493 4959
9494 6746
9495
9496
9497 5412
9498
9499 9445
9500
9501 1757 7602 4519
9502
9503
9504
9505
9506 5435 7394 9878
9507 627 2334
9508
9509 5076 1722
9510 6281 6427
9511
9512
9513
9514 6331 341
9515 4218
9516 1508 3811 8363 1230 97 4363
9517 3387
9518
9519 4954
9520 5711
9521 7711 815 6690
9522
9523 8440
9524 419
9525
9526
9527
9528 5820 5493
9529
9530 5684
9531 8301
9532
9533
9534
9535 5477
9536 3965
9537 467 730 1453
9538 1293 8404 2756 8494 8252 5352
9539
9540 9435
9541
9542 1448
9543 7369 4590 3226
9544
9545
9546
9547
9548
9549
9550
9551 9501 598 5655 1037 5188
9552
9553 6479
9554 1533
9555
9556
9557
9558 2061
9559
9560
9561
9562 4682 807 6944 6221
9563
9564 5066 9695 288 7513 6164 8575 7855
9565
9566 4717 5271
9567
9568
9569 6002
9570
9571
9572 8160
9573
9574 6729 2856 9329
9575
9576 8165
9577
9578 2620
9579
9580 2199 6090
9581 7291
9582 201 5973
9583 9129 2431 7288 7489 1237
9584 6457
9585
9586
9587 9028
9588 6405
9589
9590
9591
9592 8845
9593
9594
9595
9596
9597 7780
9598
9599
9600
9601 5362
9602 5990 5595 539
9603
9604
9605 788
9606 44
9607 3868 5403 4037 2395 2569
9608
9609
9610 6860
9611
9612 3749 101
9613 9568
9614
9615
9616
9617
9618 1082 240
9619
9620
9621
9622 4167
9623
9624 8511
9625 7378 8647 2722
9626 7363
9627 8974 2640
9628 7183 4257
9629 3244 374 6471
9630 573
9631 5899 3857
9632
9633
9634 5301 3015 7354
9635
9636 6607 9142 4815
9637 1687 1628
9638
9639 6278 4609 1348
9640 388
9641 2226 6703 5858 4926 7885 3902 7302 2238
9642 6522 6998 5455
9643 8975
9644
9645
9646 1335
9647 1751
9648 5724
9649
9650
9651 5093
9652 3602 5989 6964 9865
9653
9654
9655 1100
9656 1129
9657 6199 2997
9658 7964
9659
9660
9661 8021 2734
9662
9663 7609 576 5261
9664
9665
9666 8209
9667 6290
9668 7462 9991 727
9669 6705 5278 7591
9670 5551 4186 2621
9671 1613
9672 9453 9067 2588 1608
9673 7592
9674 4378
9675 1729
9676
9677 1426 9083
9678
9679 747 4878 8050
9680
9681 6683
9682 7679
9683 5446 5425 9222
9684
9685
9686
9687
9688 5318 5141
9689 8091 144 5282
9690 8743 7806 4756 8936
9691 8094
9692
9693 9864
9694
9695 729 4434 6262 1875
9696 9131
9697 4536 5521 6370
9698
9699
9700 6121 652
9701
9702 826
9703
9704 3358 6256 2593 9916 2297
9705 5964 3496 2282
9706
9707
9708 9705 6743 2600 4323 9530 6872 4168
9709 8214
9710 6858
9711 7660 5281
9712
9713 3246 59
9714 510 2386
9715 4946
9716
9717
9718
9719
9720 2921 6362 7252 2123 4720 3475 3013 5483
9721 4680 1439
9722 9594
9723 7025
9724 1266
9725
9726
9727
9728
9729
9730 583 4942
9731 7537
9732 480
9733 7404
9734 4408 8493 4747 4743
9735 5437 9867
9736 4277
9737 9297 5478
9738 6001
9739 1913
9740 8998 5497 221
9741 6575
9742 884 1849
9743 2890 831 4145
9744
9745
9746
9747 6642 2925
9748 3028 4199 4428
9749 4994
9750 3347 4419 5882
9751
9752 1846 2852
9753
9754 1901
9755 4010
9756 9515 2066
9757
9758
9759 3021
9760 886
9761 8997
9762
9763 9819
9764
9765
9766
9767 5423
9768 978 8274
9769
9770
9771
9772 64 1494 645 2131
9773 9750 8429 7657
9774
9775 2391 3288
9776
9777 8217
9778 4332
9779 9846 9600
9780 2807 2059 7109 4945
9781
9782 4893 1331 189 891
9783
9784
9785 4203
9786 4190 1295 7984
9787
9788
9789
9790
9791
9792 4505 3291
9793
9794 2125 7710 1277
9795 2214
9796 275
9797
9798
9799
9800
9801 1940 3786
9802
9803 7123
9804
9805 3842 8527
9806
9807 1584
9808 9303
9809
9810
9811 2552 9367
9812 7810
9813
9814
9815
9816 7922 107
9817
9818 5554 8616 9061
9819
9820
9821
9822 697 2001
9823
9824 3516
9825 610 4288
9826 2336 182
9827
9828 4690 5930 8699 6824
9829
9830 6571
9831
9832
9833
9834 7178 7752 1507 9951
9835
9836 2016
9837
9838
9839 4875
9840
9841 9811
9842
9843 4832 562
9844
9845 755 2613
9846 7715 8675
9847
9848 6756 1980 3006 2849 7042 1513 5811
9849 1256 53 6200
9850 6941
9851 9464 9538 4493 5863
9852 9780 2782 8434 9320
9853 1386 8086
9854 9120 6084
9855
9856
9857 5728 2472 3990 7957
9858 9364 6966 6641
9859
9860 9618 2490 3871
9861
9862 1945
9863 3235
9864
9865 817
9866
9867 3157 5859
9868 967 2328
9869
9870 1993 663
9871
9872
9873 6373 8791
9874 12
9875 9574 2000 8387 4757
9876 5266
9877
9878 3940
9879
9880
9881 9570
9882
9883 5671
9884
9885
9886 6222
9887
9888
9889
9890
9891 4855
9892
9893
9894 7866 8378
9895 6463
9896
9897 3159
9898
9899
9900
9901 3398
9902
9903 1869 6003
9904
9905 6918 5838
9906
9907
9908 3886 9180 251
9909 7929
9910
9911 4398
9912
9913
9914
9915
9916 1637
9917 5022
9918
9919 3998
9920 1857 9973 6444 5054
9921
9922 5597 3125
9923 7538 9097
9924
9925
9926 6211 2632
9927
9928 1758
9929 3936 4660
9930
9931 4895 9753
9932
9933
9934 4023
9935
9936
9937 8173
9938
9939 2345 4113
9940
9941 728
9942
9943 3501
9944
9945
9946 7105 5799 3582 2068
9947 6234 2626 8678 7054 2982 7723
9948
9949 215 3415 4459
9950 6894 2693 6296 9514 6276 2022
9951 7026
9952
9953 6521
9954 9659
9955
9956 8849 6126
9957 7522
9958
9959 942
9960 3435
9961 9851 869 3787
9962
9963 683
9964 6836 6103
9965 3869 8336 721 5345 6736 4262 9422
9966
9967
9968
9969
9970
9971 9010
9972
9973 7555 8360 7292
9974
9975
9976
9977
9978 4631 7529 8873
9979 7426 3379
9980 4119
9981
9982 7403 6735 3987 1538 2475 2424
9983 1136
9984 3186 3932 844 7671
9985
9986 8054
9987
9988 561
9989
9990 2211 9135 4597
9991 7327
9992
9993
9994
9995 6534
9996 8025 4154 9041 2190
9997
9998 1749
9999
