0 976 995 666
1
2 548
3 307 848 18 594 450
4
5
6 586 631
7
8
9
10 118
11
12
13
14
15 662
16 132
17
18 799
19 32
20
21
22 650 514 433
23
24 438
25 640 623 2 687 944 248
26
27 226 552
28
29
30 599
31
32
33 878 179
34 224 36
35 90
36
37
38 369 782
39 876
40
41 16
42 714
43
44
45
46 441
47
48 715 546 51
49 879
50 344 658 998 303 945
51 47
52
53 577
54 351
55 919
56 362 423
57
58
59 977
60
61
62 720
63 292 543 446
64 401
65 741
66
67 534
68 157
69 968 734
70
71 390
72 574 785
73
74
75 857
76
77 561 234 491 152 540 210 106
78 293 964 788
79
80
81
82
83
84 911
85
86 836 22 347 34 318 827
87
88
89 452
90
91
92 420
93 966 474 183 415
94
95 592 222 289
96 925
97 787 671
98
99 991 653 719
100 698 230 711 861
101 632 33 781
102
103
104 194
105
106 608
107 200
108
109 479 527 340 826 778 74
110 722
111
112
113 471 523 95 992
114
115 763 83
116 495 749
117
118
119 617 768 576 825 381 129 366 893
120 165
121
122 589 850
123
124
125
126 275
127
128
129 131
130
131
132
133
134 902 605 723 413 213 987 629
135 12
136
137 425 308 531 456
138 69 972 867 416 529 227 102
139
140 469
141 556
142
143 77 764 312
144
145
146 225 689
147
148
149 261 103
150 634
151 669 810 600 80
152 568 545
153
154 852 533 657 144
155 726
156
157 29
158
159 357
160 907 325
161
162 361
163
164
165
166
167 865
168
169 973
170 874
171
172 486 44 58
173 823 526 733 178 404 367 408
174
175
176 282
177 201 939 622
178 63
179
180 281
181 815 805 4 762
182
183 13
184 789
185 663 472
186
187
188 109 20
189
190 590
191
192
193
194
195
196 87
197 670
198
199 400
200 139
201 445 510
202 713 180 947
203
204 46 127
205
206
207
208 866 760
209
210
211
212 593
213 518 656
214 93 833 783
215
216
217 269
218 96 539 66 60
219
220 182
221
222 149 800
223 9
224 555
225 729 647 487 777 652
226 241
227
228 14 429
229 15 435 536 844
230
231 588 216
232 807 926
233
234 547 922 252 196
235 831
236 209 37
237 171
238 906 661 25 648 583
239
240
241
242
243 957 437
244 837 988 898
245 376
246
247
248 816
249
250 374
251 784 23 187 311
252
253
254 614
255 619 682
256 616 676
257
258
259 602
260 604
261 597
262 141 699 654
263 498
264 78
265 368
266 98 249
267
268 496 91 910 317
269 572
270
271 76
272
273
274
275
276
277
278
279 704
280 618 449
281 535 223
282 752 512
283
284 136 250
285 727 380 747 436
286
287
288 97 133 693 680
289
290
291 969 978
292
293 105 190
294 655 86 427 721 56 804 153
295
296 238 746 751 167 232
297
298 278
299 468
300 75
301 389
302 64
303 993 73
304 601 330 111
305
306
307 393 304
308 932 72 564 39 356
309
310
311 753
312 251
313 3 327
314 750
315
316 299
317
318
319 363
320 206 851 517
321 71 116
322
323 0 952
324
325
326 5
327 549 609 385 453
328
329 888
330
331 174
332
333 353 886 324 773
334
335 686 285 310 808 168
336 570
337
338 473 737
339
340 259
341 707
342 732 455
343
344 730 159 430
345 192 384 903
346
347 796 860
348
349 373 300 253 115
350 301 641
351
352
353 881 965
354
355
356 342 854 937
357
358 880 309 887
359
360 980 343
361
362 683
363
364 912 569
365 158
366 877
367
368
369 809
370
371 233
372 872
373 769 329 359 130
374 557
375
376
377
378 135
379
380
381
382 242 841
383 870
384 205 166
385 690
386 928 644
387
388 885
389
390 150 220 513
391 335 956 509
392
393 516 245
394 280
395
396
397
398
399
400 900
401
402
403 962 743
404 202 338
405 667 478
406 99 255
407 1
408 935
409 901
410
411 175 694
412
413
414
415 286
416 485
417 933
418 744 43 421 193
419
420 306
421
422
423 354 195
424 493 929
425 244 100 501 967
426 742 894 674 504 464 346 579
427 240
428 537 635 189 812
429 519
430
431 728
432
433
434
435 691
436
437
438
439
440 434
441 499
442
443 708 462 697
444 497
445
446
447
448
449
450
451 406 996 405 114 461
452
453 794
454 352
455
456 481
457 712
458 316 553
459 276
460 963
461
462
463
464
465 542 218 101 507 108
466 573 672 258
467
468
469 221 392
470
471 999
472
473 19
474
475 454
476 477
477 410
478
479 172 959 659 706 575
480
481
482 8
483
484
485
486 364 314 457
487 795 305
488 198 625
489
490
491 500 838
492 27 273
493
494
495
496
497
498 274
499
500 506 341
501
502 94
503
504 184 492 120 30 262
505 465 349 260
506 10
507 484
508 639
509
510 315
511
512
513
514
515
516
517
518 797 322
519
520
521
522
523 505 50 740 360 875
524
525
526 735 528 467 358 700
527 345 612 302 339
528 247
529
530 411
531 337
532 428
533 419
534
535
536
537 793
538
539 203 883
540 212 197 204 994
541
542 476 551
543 565
544
545 239
546 378
547 442
548
549 348
550 971 895 701
551 112
552
553
554
555
556
557
558
559
560 696
561 532
562 459
563
564 909 31
565
566
567
568
569 997
570
571 270
572
573 104 458
574 382
575
576 821 121
577 603
578
579 673
580
581
582 705
583
584 983
585 845 370
586
587
588
589 156
590
591
592 228
593 208
594 843
595 55
596
597
598
599
600
601 70
602 444
603
604
605 684 267
606 620 918
607
608 483
609 834 890 490 489
610
611
612 792 68 424
613
614
615
616 181 447
617 313 229 403
618
619
620
621 584
622
623 582 847
624
625
626
627
628
629
630 770
631
632
633
634 475
635 110
636
637
638 155 294 974 818
639 124
640
641
642
643 272 934 946 892 219
644
645 891
646
647 81 930 279 936
648
649 868
650 399 660 745
651
652
653 613
654
655 154 835
656
657
658 585 466 17
659 538
660 899
661 173 119 143 681 814
662
663
664
665 917
666
667
668
669 786 265
670
671
672 611
673
674 820 840 62
675
676
677 941 54 170
678 679 287
679
680
681 596
682
683 776
684 606 774 859
685
686 291 460 6 839 829
687 117 207
688
689
690 186
691 432 664
692
693
694
695 394
696 162
697
698
699
700 563
701 896
702 802
703 290
704
705
706 271 559
707 761
708 480 45
709
710 42 65 824 869
711
712
713 355 463
714
715 21
716 709
717 562 511
718 28 853
719
720
721 544
722
723 790 958
724
725 350
726 107 628 422
727 979 675
728
729 48 560 811
730
731
732 626
733 122 791 765
734
735 904 775 736 57
736
737 151 277 668 257
738
739
740
741
742 756 916 643
743 855
744
745
746 188 323 443 627
747
748
749
750
751 426 326 908 591 377
752
753
754 502
755
756 333 177 954 832
757 319 328 864
758 927 231 975
759 615
760
761
762
763 263 651
764 214 138 758 772 748
765 521
766
767 169 757 731
768 113 771 35
769 266 703
770 842 955
771 391 482
772 692
773
774
775
776
777
778 610 923
779 702 7
780 298
781 942 191
782 379
783
784
785
786 41 515
787
788
789
790 365 53 470
791 695
792 431
793 724
794
795
796 921 710 624
797 246
798 418 595 819 82 503
799
800 520
801
802
803
804
805
806 554
807
808 283
809
810
811
812
813 862
814 846
815
816
817
818 123
819
820 160
821 137
822
823 982 638 522 649 508 334
824 931
825 920 806 607 128
826 89 397 858 417
827
828 256 646
829
830
831 448
832
833 985
834 882 494
835
836 332
837 754 578
838
839
840
841
842 905
843
844
845 550 849
846
847
848 953 817
849
850 566
851
852 948
853
854 439
855
856 598
857 739
858
859 199
860 716 371
861
862
863 558
864 243
865 718 295
866
867 331 163
868
869
870
871 84 924 981
872 161
873
874
875
876
877 863 412
878
879
880 61
881 766 677
882 801
883 126
884
885 407
886
887
888
889
890
891
892 11
893
894 990 678 685
895
896 297
897
898
899
900 738
901
902 813 580
903 970
904 633 395
905
906 871 134 49 767 38
907 211
908 488 185
909
910
911 986 24 386
912 688
913 524
914
915
916 140 717 780
917
918
919 587
920 388
921 830
922 581
923
924 621
925 889 375
926
927 828 943
928 398
929
930 960
931 414 79
932 630 541
933
934
935 372 215 142
936 320
937
938 950 26
939
940 759 264 52
941
942
943 396 284
944 984
945
946 387
947
948 856 873
949 296 59 451 938 913
950
951
952 92
953
954
955
956 402 147 525
957
958
959 237 961 571
960 897
961 40
962
963
964 915
965
966 176 884 164 85
967 567
968 440
969
970
971
972
973 914
974 989 321 755
975
976
977
978
979 236
980
981 217 822
982 268 336 146 235 637
983
984
985 67
986
987
988 88 645
989 288 409 383
990 725
991
992 779 636 125 951 803
993 145
994
995
996 665
997
998 254
999 798 940 530 148 642
