0 7571
1
2
3 8348 1106
4 1295
5 9773
6
7 4744
8 5489
9
10
11 42
12 4427 8321 3132 6682
13
14 8222
15
16 9746
17 7965
18 881
19
20 613 6447
21 3353 7249
22 1647 8857
23 4509 7417 5609
24 7021
25 2257
26 5072 1731 8709
27 775 8387 1072 6293
28 1071
29 7679 4294 3661
30 3799 9757 2062 3118 690
31 1209
32 7486 50
33
34
35
36
37
38
39
40 5531
41
42 3216 4447
43
44
45 588
46
47
48
49
50
51 7253 6692 9798 6000 4972
52 7031 6119
53
54 6122
55 3698 2163 8558
56 5134
57
58 6316 8952 9063
59
60
61 4346
62 3300 2156 9448
63
64 2996 8463 8350
65 5671 2121
66
67
68 3585
69
70 7846
71
72
73
74 6092
75
76 8436 188
77 3736
78 4392 9866
79
80 6359
81
82
83 9109
84
85 4114 2041
86 4579 7286 1621 5312
87
88
89
90
91 4531
92
93 1226 4050 3055
94
95
96 3492
97 5793
98
99 7054 5199
100 3343 3406 8933
101 8664 9500 1339 8946 4989 600 6004
102
103
104 2300
105 1607 6388
106
107 828 5522
108 2437
109 6027 2434 6582
110 2215 8732
111 5626
112
113 3439 8260 6705 5650
114
115 2381 2099 4511
116
117 714
118
119 9116 106
120 689
121
122 2166 2768 9761
123
124 9349
125
126 6966 1950
127 8535 225 5221 525 709 8997 7736 8503
128 5130 9794 5794
129
130 5880
131 6969 806 2816 227 2433
132 1846
133 1391 6987
134
135 8528
136 7420 5026 5400 7180 2500
137
138 1734
139
140
141
142 4629
143
144
145
146 4493
147
148
149
150 1101
151
152
153 1000 5348
154 3160 944
155
156 5371 3180
157 7368
158
159 8095
160 787 4339
161
162
163 9860 9239
164 9978
165
166
167
168 1820 4693 1513 136 8694 1032 9152 6860 386 2627 2914
169 9577 6799
170 8764
171 1259 7161
172 1778 8405 4717
173 9121
174
175 4630 6266
176 3789 9643
177 5330
178
179 5655 1271
180
181 3321 6689
182 5393
183
184
185
186
187 9671
188
189
190 7954 1664
191
192
193
194 485 5395 5105 5765
195 4588 6518 3839
196
197 1315 5438
198
199 1316 448
200
201
202 8651
203
204 6732 1619 2647
205
206 1201 8818
207 1384 4341
208 4519 9515
209 5126 3370 1192 4029
210
211 8854 6813 5279
212
213 3256
214
215
216 8072
217
218
219 603
220 250 8517 8656
221
222
223 4504
224 2330 4014
225 224 4626 6010 3428 495 682
226
227 1953
228
229
230
231 3153 5523
232
233 8717 5695
234 1114
235
236
237
238 5996 1446
239 3072 2024
240 2660 6728
241 5894 2256
242
243
244 6792 5594
245 4692 7151
246 1560
247 5764 5720
248 8246
249 4916
250 7601
251
252 2274 2455
253
254
255 3342
256 3223 302
257
258
259 4386
260 5783 1457
261 1405 1644 3607 8961
262 2846
263
264
265
266
267
268
269 9115
270
271 463
272 424 1833 4849 6608 9682 6016
273
274
275 3797
276
277
278
279 1004 9336 3293 9497 7809 1014 5161
280
281
282
283 7109
284 7672 6134
285
286 4079
287
288
289
290 1866
291 5127 126 2052 7678
292 9151 5899
293
294 8800
295
296
297
298 9738
299 3174
300
301 3845
302
303
304
305 1097
306
307 4714
308 6095 7817
309 9028
310
311 198 1768
312 4746
313
314 6564
315
316
317 7402
318 5131 5856
319 8126 1229 2165
320 8935
321
322
323 6628
324
325
326 829 7936
327
328 9474
329
330 4621
331
332 2757
333 7808
334
335
336
337
338 8928
339
340
341
342 6223 2435 4941
343 7413 3028
344
345 3859
346 3919
347 6766
348 2038 7723 737 9314
349 5940 2154
350 1555
351 864 7878
352
353 2100 6153
354 6599
355
356 3933 1208
357 3932
358 4101
359
360
361 1793 3738
362 5466 9129 4635 1136
363 8700
364
365
366 4944 341 9426
367
368 435
369 6875
370 3841 8863
371
372 4894
373 4860
374
375 1329 3110
376
377
378 8905
379
380 9551 5416
381
382 5318 2696
383 7529 1869 8271 3046
384
385
386 9472
387
388 131 9703
389 4204 8668
390 2159
391 5185
392
393 9158
394 7790
395 2395 1134
396
397 7866 1467 1319
398 6644
399
400 2289
401 5171 1244
402
403
404 1322
405 3259 934
406 8491 6336 5333
407
408 679
409
410
411
412
413 6996
414 5836
415 5658 5768
416 5405
417
418
419
420
421
422
423 6425 5538
424 8586 4067 5223
425 3198
426 7940 2673 5037
427 8976
428
429 6729 764 2247
430
431
432
433
434 2405 2637
435 1171
436 3193 1031
437 9210 4404 3167 480 4111 7768
438 1388 2390 4379 3963 5687 4831
439
440
441 6924
442
443 7938
444 8040
445 9291 1606
446 9411
447 4383
448
449 8226 4652 7931 7798 5145
450
451 423 9834 1649 1878 5828
452
453
454
455
456
457 9970 1191
458 2319
459
460
461 4822
462
463 9271
464
465
466
467 9532
468 4842 7702
469
470 9909 1154 5873 2384
471 5429 9602 271 2018 9573
472
473
474 6057 8835
475 2675 1183 6752 4311 9763 3835 1614
476 5235
477 6452
478
479
480 4800 7179
481
482
483 2953
484 5584 4898 2485 9106 8957
485 4776
486
487 9438 9145
488 1577
489 4777
490
491 9772
492 6921
493 255 752 6844
494
495 637
496
497 2334
498 7980 836
499 4276
500 6839 6521 357
501
502 9095 9559
503
504 6576
505
506 3962 1959
507 2613
508 373 7309
509 8540
510 7843
511
512 2312
513
514 9163
515 8267
516
517
518
519
520 7198 4830
521
522 2624 6847 6267 9699
523
524 1811
525 931 8116 4924 8358 8011
526 340 2833
527 7308 6950
528
529 2939
530
531 7760 2937 5822
532 5625 4771 1855 3115
533
534
535 2266
536 9690
537
538 9476 1369 3938 960
539 407
540
541
542 3391
543
544
545 9376 8000 4827
546
547 2793 7947 8418 7401
548 747
549 8749
550
551 5944
552
553
554 4500
555 4824
556
557 8587
558
559
560
561
562 891 882 2621 104 3907
563
564 4804
565 649 9564
566
567 3187 8450
568
569
570
571
572
573 2065
574 7607 904
575
576
577
578 7060
579 8982 6462
580
581 7893
582
583
584
585
586
587
588 5050 4442
589 9829 6198
590
591
592
593
594
595 1012
596
597
598
599
600 3199
601
602 233 7459 974 9301
603
604 5326 2019 8193
605
606
607
608
609
610 26 7037 6142 7010 2442
611
612
613
614 1891
615 1722 2316
616 9799
617
618
619 2610 3833 4085 9912
620
621 2980
622 5919
623
624 1492
625
626 1739 2295 6157
627
628 4522
629 604 9270 2016 2755
630
631 4963
632
633
634
635 5694
636
637 8013 1019
638
639 4071
640
641
642 8510 9741 3994
643 6764 3006
644 6378 4653
645 5419 6356 1633 3020 6985 6328
646 238 4477 4877 174 3786 4637 9075
647 9316
648
649 2459
650 4885 3460 8543
651
652
653
654 9435
655 3850 1122
656
657 6120 9146
658
659 4956
660
661
662
663 314 8159 9320 6612
664 4429 673 8030 2992
665 4763 1750
666 7703
667
668
669 7839
670
671
672 9999
673
674 9538 7570
675 2086
676 445 1906 1350
677
678
679
680
681
682 7281
683
684 8777
685
686 8204 8323
687
688 9963
689
690 165
691
692
693 5439
694
695
696
697
698 5812 2506
699 6354 1992 696
700 7217
701
702 1928 2720
703 880
704 66
705
706
707 7156
708
709 2774 2549 975
710 4513 5660
711
712
713 646 3542 1741 348 2181
714
715 6068 5798
716
717
718 331
719
720 5269 8891 5514
721
722
723 7111 8508 8324 4016 6544
724 8627
725
726
727
728
729
730
731 5414
732 8160 8988
733
734 8167 8249
735 6623
736
737
738
739 5643
740 6287
741
742 7467
743 7937
744 8261 1599 7651
745
746
747
748
749
750
751
752 9801 6265
753 7045
754
755
756
757 651
758
759 8046 4969 5823 8714 4614
760 6226
761 4333
762
763
764 1436 9895 4856
765 9492
766 3018
767 1755 993
768 2031
769
770 133 2625
771
772 9847
773
774 364
775
776 5056
777
778 4119 114
779
780
781
782
783 8967
784 8146 6859 9988
785
786
787
788 1189 9218 848 4150
789
790 3507 3958 366
791
792 1770
793 9404 7778
794
795 7823 1524
796 1449
797 9977 4425
798 4574 7201
799 921 530 1278
800 8570
801
802 6880
803 9161 9685 4556
804 677
805 8178
806 8538 4124 8161
807 7774
808 5678
809
810 2141
811
812 2688
813 5561
814
815
816
817 2493 5250
818
819
820
821
822
823
824
825
826 1495 4645
827
828
829 568
830
831
832 8876 9760
833
834 3121 9287 6826 6618
835
836
837
838
839
840
841 7489 8475 4398
842 102
843
844 575
845 4388 4701
846 7971
847
848 657
849 3034 4448
850 5379 3788 2825 9692
851 1985 6936 9258 2276
852 5258
853
854
855
856 5325 4201 9950
857 7502 6878
858
859 2107 9491 8642 9708
860
861
862 6495 3965
863
864
865
866
867 3089
868
869 2396
870
871 8004
872
873 8873
874 5826 3673 4724
875
876
877
878
879
880
881
882 358 6664 6683 1528 308 3366 9337
883 2192 4418
884
885 3861
886
887 9264
888 54 3395 5751
889 2899 3476 8808
890 9572 9588
891 803 8783
892 6786
893 9230
894 2512
895
896
897 1404
898 3117
899
900
901
902 3035 749
903
904
905 79
906 4729 2709 4815
907
908 2335 9093
909 641
910 1538 3283 8690 6884
911 3883 5596 8889
912 7773 2269
913 4199
914
915
916 8248 2345 2419
917 9478
918 7086
919
920 7527 2376
921 3225
922 4932 958 6543 950
923 7552
924
925
926
927
928 9787
929
930
931 8447 1458 7717
932
933
934 5350 9382
935
936
937 7120
938
939 8706 9103 5170 4008 5684 9077 4126
940
941 6777 1084
942
943
944
945 2498 5254
946 2248 9539 252 6363
947
948
949
950 2541
951
952 5526
953 7751 1625 2200 9181 7520
954
955
956
957
958 6186 3303 8082 195
959
960
961 3612 3458 8917 7474
962
963 1575 1415 912
964
965 7734 8893 1214
966 4229 4378
967
968 3985
969
970 5362
971
972 3058 3109 1203
973
974 5366
975
976
977
978
979 455 6604 7915
980 4193
981 8866
982
983 9487 8942 2426
984
985
986 1179
987
988
989
990
991
992 9139
993
994
995 2167
996
997
998
999
1000
1001 8073 8252 514 3447 69
1002
1003
1004 5896
1005 9592
1006 5779
1007 4208
1008
1009
1010 60
1011 1301
1012
1013 6734 2259 5627
1014 7545
1015 355 4570
1016 6324 3178 4605
1017 9842
1018 7195 8163 8951 7154
1019
1020 4808
1021
1022
1023 9074
1024
1025
1026
1027 5675 78 378
1028
1029 206
1030
1031
1032
1033
1034
1035 408 4736
1036
1037
1038
1039 6547 6465
1040
1041
1042 4666 5971
1043 2480
1044
1045
1046 3514 2296 5264 8972
1047 4875 2622 3826 7803 757
1048 9604 9976 3714 7078
1049
1050
1051 571 1121
1052 6627
1053
1054 5290
1055
1056 1707 9902 8322
1057 4414 8396
1058 8023 7556 5943 5704 7393
1059 294
1060
1061
1062 5910 7318 5898 8791 8482 409
1063
1064 6560
1065
1066 9273 1688 3744 8544 5987
1067
1068 9519 5890 6631
1069
1070
1071
1072
1073 9369
1074
1075 107
1076
1077
1078
1079 2279 6046 3818
1080 2291
1081
1082
1083 3093
1084
1085
1086
1087 727
1088 1687 2002 3331
1089
1090
1091 4585 9960
1092 668
1093 1703 1039 4980 3589
1094
1095 1483
1096
1097 5240
1098
1099
1100 7302
1101
1102 3482
1103
1104 4670 9099
1105
1106
1107 390 8581
1108
1109 8548
1110 6371 5851 4369 5298
1111 6314
1112 8077
1113
1114
1115 5926
1116
1117 929
1118 7406
1119 3326
1120 8798 8489 9752 3559 2785 7227
1121
1122 3309
1123 1798 4946
1124
1125 6272 742
1126
1127
1128 6586
1129 4798
1130
1131
1132
1133
1134 6450
1135 3676
1136
1137 8243 2260 8497 4102
1138
1139
1140 8337
1141 8947 5712
1142
1143
1144 4672 9358 2283
1145
1146 7293 2619 1466 8417
1147 8449 3073
1148
1149 1050
1150 566
1151 8403 2886 7804
1152
1153 4710 1821
1154
1155 5954 7170
1156
1157 494
1158
1159 5194
1160 220 305 7387
1161
1162 3949
1163
1164
1165
1166 9748
1167 6892 7687
1168
1169 5083 7359
1170 9759
1171 2509
1172
1173
1174 1659 4006
1175
1176
1177
1178
1179
1180 5786 5046 768 9740 7490
1181 8747
1182 8954
1183 4689
1184 5710 6912
1185 560
1186
1187 5088 1429 3484 9405
1188
1189 8603 8451 4298
1190 5257
1191
1192 2706
1193 433 3769 5358 7644
1194 7641 798 8097 7881 2271 4795 1553
1195
1196 4223 1809 4218 8404 8842
1197 3623
1198 1624
1199 9244
1200 3669
1201 8580 6720
1202
1203 6891
1204 9920 7342
1205 6436
1206
1207
1208 436 3664 1831
1209
1210 4633
1211
1212
1213
1214 7887
1215
1216 1908
1217
1218
1219 7450 9807 3829
1220
1221 1421 1132 2368
1222 9350
1223 8564 6616 9917 3255
1224 2458
1225
1226
1227 2068
1228 259 9257 1105
1229 1879 5196 4137 2273
1230 6136 2184
1231
1232
1233 9310
1234 6029 8898
1235
1236 2973 5462
1237
1238
1239 3823 5045 6283 8858
1240
1241
1242 9415
1243 2532 7137
1244 5846
1245
1246 630
1247 145
1248 5580 458
1249 2916 8773
1250 8601 8685
1251
1252
1253
1254
1255
1256 6714
1257 9501 6464
1258
1259 1267
1260 1854
1261 1374 8572 1469
1262
1263
1264
1265
1266
1267
1268 6156
1269 8409
1270 3675
1271
1272 3359 1583
1273
1274 9393 3106 6946
1275 552 5807 8156
1276
1277 171
1278
1279 1671 6484
1280 8598 2870 621
1281 4600
1282 4443
1283
1284
1285 6243 8034 6350
1286
1287 7845 3975
1288 1412 8354 3640
1289 5742
1290
1291 5249 1360 1637 814 991 8632
1292
1293
1294 8592 9284
1295 486
1296 496
1297
1298 5754 3668 9137 3430 7902 7516 3616
1299
1300
1301
1302
1303 505
1304
1305
1306
1307 7407 579
1308 6390
1309 4358 1924 527 8683 3702 2484
1310
1311
1312
1313 6626
1314 7793
1315 4396 8754
1316 7455
1317 8194 6003
1318
1319 8398
1320
1321
1322
1323 4747 2079 5047 9863 9684 9346 186
1324
1325 6817 5078
1326 92
1327
1328 5284
1329
1330 9677 2976 9691 1255
1331 7969 1947
1332 2320
1333
1334
1335 8115
1336
1337
1338 1061 3350
1339
1340
1341
1342
1343
1344
1345
1346 9784 7735
1347
1348 7305 510
1349
1350 432 6355
1351
1352
1353 2649 5488
1354
1355
1356 8394
1357 310 334
1358
1359 9886
1360 3820 7716 4141
1361 5619 735
1362 5382 5567
1363 5618
1364 5672 4817
1365 3232
1366
1367
1368 3064
1369
1370 901 8251
1371 3265 3667
1372
1373 5930
1374 5281 6166 1317 3243 9883
1375 325 3184
1376 4708
1377 3551 7761 8059 5770
1378
1379
1380 2911 283 3760
1381 6358 6201 9780 4185
1382
1383
1384
1385 4082
1386 4925 6696
1387 361 8353 3139 2707 7948 3310
1388 21 1364 9894 3816
1389
1390
1391 5486
1392
1393
1394 8974
1395
1396
1397 8327 7770 8585 2821 6093
1398 632 8286
1399 9862
1400
1401 1250 6690
1402
1403 7398 5635
1404
1405 48 2915
1406 3944
1407
1408 2579 3249
1409
1410
1411 2791
1412 1079 710 5368
1413
1414 140 7183
1415 8090 1589 725
1416
1417 7267
1418
1419
1420 6175 6816
1421 3591
1422 5803 2388
1423
1424
1425 9178
1426
1427 2479 5929 1451 3330
1428 170
1429
1430
1431
1432
1433 3019 4858 1844
1434 1025
1435
1436 4662 3945
1437 7210
1438
1439 1397 6596 2303 7779 1007 321 9383
1440 3298 3763
1441 1714 4120
1442
1443 4536 2810
1444 957 4709
1445 8091
1446 2216
1447 2798
1448 9911 2392
1449
1450
1451 1270 5925
1452 9518
1453
1454
1455 7649 9256 9017 7458
1456
1457
1458 8926
1459 7034
1460
1461 7403 1074
1462
1463 3423
1464 3879 5870 7314
1465 2761 2174 7232
1466 7162
1467
1468 91 5316 2095 9495 6791 8499 3365
1469 1677 5739 9172
1470 4783 8970
1471
1472
1473
1474
1475 658 5730
1476 9362 7316 2501 9231
1477 9168
1478 5527
1479 6831 589 853 3633
1480
1481 8788 2702
1482 2699 3116
1483
1484
1485
1486
1487
1488
1489
1490 239 6974 7279 5168
1491
1492
1493 1460 2837 2056
1494 1199 1851
1495
1496 1927
1497 5829 8738 9859
1498 5193
1499 6822
1500
1501 3813 6005
1502 15 4273
1503
1504 9406
1505 3414
1506
1507 8532
1508 4076
1509 9267 1035
1510 7418 5271 1445 5550 9989 217 7264 7836
1511 3108 1103
1512 1286
1513 9309
1514 6914
1515 5162
1516
1517 720 1998 6438 2875
1518 8956
1519
1520 8099
1521
1522
1523 1535 9961
1524
1525 4243
1526 4678
1527
1528 9223 1095 2415 6486 4305
1529
1530 986
1531
1532
1533
1534
1535 3753
1536
1537
1538 3156
1539 4317
1540 9097
1541 855
1542
1543
1544 1202 5990 3454
1545
1546 1657 1253
1547
1548 7706 5376
1549
1550
1551 2936
1552
1553 3099
1554 3956
1555
1556
1557
1558
1559
1560
1561
1562 8923 9000 8346 2883 6139 2196 4884 1773 1922 3260
1563
1564 4562 9329 3722 670
1565 1411 6222 3327 8865
1566
1567
1568
1569
1570 9380 4221 4910 4821
1571
1572
1573 1579 7074
1574 3316
1575 4631 873 2486 5211
1576 8569
1577
1578 2600 9805
1579 1761 820 7353
1580 2924
1581 3969
1582
1583 5471 2540
1584
1585 1641 2566 9467
1586 2805 7700 1516 1218 6311
1587 8215
1588 7282 1893 4745
1589
1590 8061 3526
1591 5513 8751
1592 9272 3719 2995
1593
1594
1595 5475
1596
1597
1598
1599
1600
1601
1602 138
1603
1604 6509
1605 7710
1606 5493
1607
1608
1609
1610
1611
1612
1613 8018
1614
1615
1616
1617
1618
1619
1620 2267
1621
1622
1623 2293 6037
1624 6997
1625 4741 9849 3409 6138
1626
1627
1628
1629 1800
1630
1631
1632 1764
1633 6215 963 7920 1091 3610 8518
1634 9756
1635 913 8206 2854
1636
1637 4028 2085
1638
1639 995
1640 2314
1641
1642
1643
1644 765 2778 3098
1645
1646
1647 6554 2965
1648
1649 6514 5842 5973
1650
1651
1652
1653 5591 3133 182
1654
1655
1656
1657 3592 9188
1658 9133
1659 8600 4174 1541
1660 4854
1661
1662 3190 9041
1663 1973
1664
1665 143
1666
1667
1668 3523 181 376 2815 7332 5908 9964
1669 3636 1419
1670 3472
1671 1143 9092
1672 9887
1673
1674 6193 2135 7084
1675
1676
1677 6603
1678
1679 4722
1680 3302 2445 9952
1681 1740
1682
1683
1684
1685
1686 7851
1687 3286
1688
1689
1690
1691 4132
1692 1373
1693 9945 4803
1694
1695 4161
1696
1697 3502
1698 3842
1699
1700
1701 9823
1702
1703 1068 8635 2204 1546 9038
1704 9128
1705 3749 2855 1002
1706
1707 9085 3978 1853 976
1708 7046 6896
1709 8219
1710
1711
1712 8399 2802
1713
1714 7739 4422
1715
1716 7791 1297 4711
1717 8878
1718 8713 2997
1719 3397
1720 1016 6980 1227
1721 4092
1722 1422 9130 9722
1723 1172 5848
1724 1009
1725
1726 6658
1727
1728 2962
1729
1730
1731
1732 6652 1311
1733 5302 8431 3614
1734 6069 6233
1735
1736
1737
1738 9488 9531
1739 8437
1740 3201 132
1741 2003
1742
1743
1744 1900
1745 7479
1746
1747
1748
1749 5577
1750
1751
1752 4207
1753
1754 4318 8620
1755 3942 6129
1756
1757
1758 5537
1759
1760 3721
1761
1762
1763
1764
1765 8955
1766
1767
1768
1769 2337 9611
1770
1771 1070
1772
1773 287 595 5773
1774 4010 5470 2668
1775
1776
1777
1778
1779
1780
1781 4278
1782
1783 9036 7203
1784 9770
1785
1786
1787
1788 3713 5039 6232
1789 2298
1790 2327
1791 2280
1792
1793
1794 4184 2379 5830 4751 3635 8617
1795
1796
1797 1284 5604
1798 72 6148
1799
1800
1801
1802
1803
1804
1805
1806 8604
1807
1808
1809 9715
1810 327
1811 4460
1812 4332 825 9527 139
1813 3993 2097
1814 1852 392
1815
1816 1681 8065 5299
1817
1818 2450
1819
1820 9470 1420 2850 5275 3890 2353 4135 7355 6580
1821 4259
1822 7070 3442 7269 5455 8412
1823
1824 125
1825 2221
1826 4951 5496
1827
1828
1829
1830
1831 907
1832 1829 4049
1833
1834 3805 8367
1835
1836 2188
1837 4045 5360
1838 6347 8836 5997 8556
1839 1287
1840
1841
1842 8119
1843
1844
1845
1846
1847
1848 7466 1015 9307
1849 3009 6103 7311
1850
1851
1852
1853
1854
1855
1856
1857 8101 8623 8695
1858
1859
1860 8983
1861
1862 6906 4289
1863
1864
1865 2616 8067
1866 4658
1867 6742 4480
1868
1869
1870
1871 3711 2804 5800 9934
1872 2103 745
1873 7178 6562 4982
1874
1875 5386
1876
1877 8671
1878 4110
1879 6461 8733 4985 506 6250 2588
1880 4938 563
1881 5529
1882 3716
1883 2581 6724 5951 5091 4146
1884 518
1885 7301
1886 5099
1887 5521 1744
1888
1889
1890
1891 4796
1892
1893 1863 915
1894 285 2795
1895 8006 939 8595 4516 4439 9633 87 1518
1896
1897
1898 1283
1899 83
1900 9453
1901 3005
1902
1903 3855
1904
1905 5415 6642 3456 5074
1906
1907 8466 5401 1948 7266 6158
1908 3762 2998 640 3172
1909
1910
1911
1912
1913
1914
1915
1916 9940 6290 3373 268 5590
1917 6051 4915
1918 7742 9067 7538 7465
1919
1920 2856
1921
1922
1923 9440
1924 7128 401
1925 4083
1926 3448
1927
1928
1929 6925
1930
1931
1932
1933
1934 1216 7806
1935 2448 2094
1936 489 7000 6639 1531 3860
1937 9242 3038 1024
1938 2172 2125
1939
1940
1941
1942
1943
1944
1945
1946
1947
1948 8402 1780 1574
1949 2759 5101 3773 1721 669
1950
1951
1952 9750 6189 6830
1953 2088 134
1954
1955
1956
1957 9893 8995
1958 9632
1959 3844
1960 9026 6674 8470 711 576 6780
1961 6595
1962
1963
1964
1965
1966
1967 1424
1968
1969 3480
1970 8673 8128
1971 7123 3313
1972
1973 2871 9295
1974
1975
1976 4566 6177
1977
1978 2507 4103 8435
1979
1980
1981 8414
1982 6693 1366 9575
1983
1984 1779 9535
1985 1509 7357 1128
1986 7404 6942
1987
1988
1989
1990
1991
1992
1993 7468
1994
1995
1996 251
1997
1998 8005 1938 7786 3627 6610 5119
1999
2000 6856 8860
2001 9884 6151
2002 5845
2003 1494 3723 1646 7603
2004 8008
2005
2006
2007 1563
2008
2009 6108
2010 5747
2011
2012
2013
2014
2015
2016
2017 6999 6191
2018
2019 1310 4880
2020 4760
2021 5374 7514
2022
2023
2024
2025 1942
2026
2027 8796
2028 2502
2029
2030 8722
2031 3346
2032
2033
2034
2035 8745 5109
2036 7053
2037 4530 8443 6949 4718 3314
2038 6381 9254
2039 1489
2040 2354
2041
2042
2043 3347 178 8789
2044 8216
2045
2046 8613
2047 6061
2048 6203
2049 9246 9285 7036 2304
2050 1542
2051 8031
2052
2053
2054
2055
2056 9767 1652
2057 6573
2058 9396 360
2059
2060 9091 4801 555 3561 7379
2061
2062 4053 8085
2063
2064 6751
2065
2066
2067 1857 2389
2068
2069
2070 6412
2071
2072
2073
2074 9154 4343 7001 7145
2075 4552 8422 6471 5729 6259 8723
2076 246
2077
2078
2079 9646 8943
2080 9903
2081
2082
2083
2084
2085 7223 3461
2086
2087 4151 1036
2088
2089 6874 4498 1783 8782
2090 7883 9342 1858
2091
2092
2093 215
2094 5340
2095 3996 5620 4133
2096 5460
2097 2806
2098 1195
2099
2100 9076
2101
2102
2103 6418
2104 4284
2105 3431
2106 6525 4430
2107 3069 4999
2108 1642 1584 8064
2109
2110 619
2111
2112
2113
2114 9905 1931
2115 1371 4068 1824 7857
2116
2117 3960
2118
2119 6094
2120
2121
2122
2123 2631
2124
2125 2360
2126 4617 7932 3208
2127 8096
2128 1335
2129
2130
2131 8032
2132 8864 2561 6861
2133
2134 1116 3966
2135
2136
2137
2138 5287
2139
2140 2719 8916
2141
2142 5446
2143
2144
2145
2146 380 695
2147
2148 5595 5071 6667 2697
2149
2150
2151 24
2152
2153 1382
2154
2155 3535 598
2156 7412
2157 7681
2158 4117
2159
2160 9417 6364
2161
2162 5206 1221 9016 935
2163
2164
2165 8582 7205 2738
2166 3337
2167
2168
2169
2170 7596
2171 6517 6869 2960 2039 6648
2172 797 5817 2692
2173 981 9227
2174
2175 9618 6312
2176 8175
2177
2178
2179
2180 8566
2181
2182
2183
2184 9136 1669
2185 7049
2186 6253 8597
2187
2188
2189
2190 5399 4520
2191 1023 9110
2192 0
2193 792 6127
2194 3952 5018 4687
2195
2196 6173 6585 9352 4506
2197 4909 9443
2198
2199 5950 2543 6483
2200 724 2122 3504
2201
2202 2807
2203
2204 1960 2127
2205 6587
2206 760 5291
2207 7325 8162 3880 4507 9385 1381 7463 8900
2208 7389
2209
2210 2503 5645 559 782
2211 8459
2212 3595 3236 4169
2213
2214 1454
2215
2216 2748
2217
2218
2219 6546
2220
2221
2222
2223 3466 5411 4496 6184 8479 1272 7472 9007
2224 9084
2225
2226
2227 3361 4471
2228 7105
2229 8375
2230
2231 8977 6056
2232
2233
2234 9225 4400
2235 1150 7950
2236 8174
2237 7787
2238
2239
2240
2241 1080
2242 1573 6326
2243 5306
2244
2245 9596 3754
2246 3509
2247 4912
2248 9686 3646 2000 4820 8541
2249 1440 5435
2250 1955 7423 81
2251 9906 2076 5824 5958
2252
2253
2254 7091
2255 3843
2256
2257
2258
2259 1790
2260 1049
2261
2262
2263 6247
2264
2265
2266
2267
2268 943 2393
2269 4325
2270
2271
2272 1996 9508
2273 8658
2274
2275
2276 2663 2861 3696
2277
2278 4362 6741
2279 7660 9015 9597
2280
2281 5937
2282
2283
2284 1140
2285 1696
2286
2287
2288
2289 844
2290
2291
2292 2634
2293
2294 4106
2295 1886
2296
2297
2298
2299 8143
2300 5617
2301 7363 804
2302
2303 4288 1517 4385 6678 7767 9901 887 1292 6225
2304
2305
2306 1300
2307
2308
2309
2310 3490 2370
2311
2312
2313
2314
2315 6382
2316
2317
2318
2319
2320 7855
2321 8476 8257 1478 6032
2322 6309
2323
2324
2325
2326
2327 564
2328
2329 3432 56 8033 1775
2330 7858 1399
2331 9195
2332 504
2333
2334
2335 8855
2336 4240
2337 8139 8757
2338
2339 6823 983 4901 731 5989
2340
2341 8241 2556 9672 9939
2342
2343 1983 3312
2344
2345
2346 2255 705 779
2347 3808
2348
2349
2350
2351 6539
2352 2559
2353 5978 5551 6619
2354
2355 3981
2356 662 8901
2357 7263
2358 6376 5659 770 5772 6133
2359 9047
2360 3387 9526 1689 4685
2361
2362 6204 3865 3077
2363 9876 4113
2364 4069
2365
2366
2367
2368
2369 4312
2370 6362 8894
2371 5452
2372 8507 5674 3049
2373
2374
2375 3572
2376 2888 2277
2377
2378 1512
2379 484 9568
2380
2381
2382 7096 7352 5905 9141 2923 9261
2383
2384
2385 9689
2386 3380
2387
2388 7117
2389
2390 6144
2391
2392
2393
2394 799 5482 1453
2395
2396 1651
2397 7414
2398
2399
2400
2401 3352
2402 8588 2582
2403 7616
2404
2405
2406 1462 4947 4791
2407 2958
2408 9297
2409 2746 1738
2410
2411 938
2412 1622 6441
2413
2414
2415 2801
2416
2417 841 2524
2418
2419
2420
2421 596
2422 5785 7032
2423 3074
2424
2425 5321
2426
2427 6075
2428
2429
2430
2431
2432
2433
2434
2435 1730
2436 8135 5473
2437 4921
2438
2439 1709
2440
2441 7141
2442
2443
2444
2445
2446
2447 9517 8937 6404 7624 5319
2448 9042 3152 5310 9056
2449 2860
2450
2451
2452
2453
2454 5761
2455
2456
2457
2458
2459
2460
2461 3810
2462 1187 6679
2463
2464 8038
2465 273
2466
2467
2468 5480
2469 3750
2470
2471 2657 7587 1813 5410 5498
2472
2473 3916 6530
2474
2475
2476 7865 3119
2477
2478 4286
2479 8814 5051 179
2480 4780 8941
2481 5871 5901
2482 2889 3002 9890
2483 8048
2484 4164
2485 2977
2486
2487 385
2488
2489
2490 1353
2491
2492 4462 8823
2493 7901 6876
2494
2495
2496 5585
2497 135 3043 190
2498 3576
2499 9848
2500
2501 6284
2502
2503 6374 1806
2504 6574 4636
2505 6804
2506 3296
2507 434
2508
2509 3742
2510
2511 676 8821 6745 7292
2512
2513
2514 3764
2515 1224
2516 8960
2517
2518
2519 9471
2520 3570 6867 3940 7069 1631
2521
2522
2523 7957
2524 4152
2525
2526 2672 5112
2527
2528 3096 8266
2529
2530 6710 2308
2531 394
2532 5228
2533 2968
2534
2535
2536 4515
2537
2538
2539
2540 7766
2541 5866
2542
2543 7126 678
2544 5587 8759 7812
2545 7063
2546
2547 4375 4784 4324 5723 8615
2548 1069
2549 4675
2550
2551 4057 9060 5024
2552 3622 7067 3091
2553 611
2554
2555
2556 9900
2557 766
2558
2559 5057
2560
2561
2562
2563 4015
2564
2565 5714
2566 5465 3498
2567 5042 5205 6614
2568
2569
2570
2571 8130 3379
2572
2573 971 3088
2574
2575
2576 8197
2577
2578
2579 5630
2580
2581 8691 3757 599 2142 7973
2582
2583 7327
2584
2585 5344 400 4024 707
2586 7684
2587 1776
2588 3619
2589
2590 4235 5517 2974 8812
2591
2592 6833
2593
2594 457 4767 6322
2595
2596
2597
2598
2599
2600 6306 7871
2601 6185 3541
2602
2603
2604 8929 7289 8382 5939
2605 4056
2606
2607
2608
2609 8624
2610 7722 8075 9817
2611
2612
2613
2614
2615
2616
2617
2618
2619
2620 9444 3078 4468 6240 4739 4348 9490
2621 6820 3311
2622
2623 9391
2624 819
2625
2626
2627 2282
2628
2629 5339
2630 9187 4867
2631
2632
2633
2634
2635
2636
2637
2638 763
2639
2640
2641
2642 4238
2643 9654
2644 9793 9512 7995
2645
2646 7377
2647 4503
2648 924 550
2649
2650 5844 416
2651 6515 4470 468 5308 3631 2270 2952 8797
2652 2700
2653 3587 5711
2654
2655
2656
2657 7564 5524
2658
2659
2660 7598 6779 2028
2661 4950 3983 2281
2662
2663
2664
2665 754
2666
2667 758
2668
2669 5015
2670 2015
2671 6318
2672
2673
2674
2675 1468 9237
2676 9926 2704 5096
2677
2678 7539 1406 7933 6147
2679 6334
2680 7338
2681
2682
2683 3389
2684 379
2685 4327 4940 4228 5020
2686 1357 2725
2687 8185 3421 9339 6973 839
2688
2689 211
2690 4505
2691 3577
2692 4034
2693
2694 6182
2695 4136 6008 8739
2696
2697
2698 8019
2699 245
2700
2701 1911
2702
2703
2704 1556
2705
2706 3869 8969
2707 75
2708 5006
2709 4285 1678
2710
2711
2712
2713
2714
2715 4270
2716 2956
2717
2718
2719 3185
2720 1053 1332 8284 6035
2721 4376 4953
2722 7992 2333
2723 8940 8655 7218 1745
2724 7051 8514
2725
2726 4761 2942 6889
2727
2728 6873
2729
2730
2731
2732
2733
2734 1017 1173
2735
2736
2737 4176 2168 1303
2738 1975
2739
2740 4209
2741
2742
2743
2744
2745
2746 2792 1979 8743
2747 9552
2748
2749
2750
2751
2752 1873 4998 7200
2753
2754
2755
2756 6590 4178 6931 6375 2733
2757
2758
2759 9118 6641 8578
2760
2761
2762 9059 9706 1826 8567 8297 6445
2763 3590
2764 8698 6408 8237
2765
2766 1386 187
2767
2768 9668
2769 1772
2770 3041 2508 5053
2771 7399 8448
2772 9073 4175
2773
2774 7460 7215
2775
2776
2777 2009
2778 5572 3306 9697
2779 3685
2780 4785
2781
2782
2783 9432
2784
2785
2786
2787
2788
2789
2790 6414 6886
2791
2792 9986 984
2793
2794 4660
2795
2796 8424 1840
2797 6081 8653 2146 9009 917 4290
2798
2799 5354 1591 1639 6763
2800 7220 5778 6702 6117 5128 6047 7661 8169 8661
2801
2802 8752
2803
2804
2805
2806 5158
2807
2808 5380
2809
2810
2811 6258 4642 1752 6181
2812 2430
2813 7565 6063 7087 9317 4231
2814 9234
2815 5676
2816
2817
2818
2819
2820
2821 6346 902
2822 411
2823 1665
2824
2825 3462 8552
2826 9560 2357
2827 7313 2254 6110 6634
2828
2829 4491
2830 7274
2831
2832 8068
2833
2834
2835
2836 13 4157 8645 6550
2837 231 5825
2838
2839
2840 2529
2841
2842
2843 9764
2844
2845
2846
2847
2848 8265
2849
2850 4512 1261 4001 8100 6188
2851
2852 7918 7873 9815
2853 6054 429 6208 8471
2854
2855
2856
2857 8884
2858 6310 3501
2859
2860
2861
2862
2863 2848
2864
2865 3131 4410
2866 4198 6535
2867
2868
2869 1605 5816 1989 7166
2870 7872
2871 9113
2872 7098 5975
2873 4949 8650 5903
2874 2705
2875 4664
2876
2877
2878
2879 1129
2880
2881 7832 4891
2882
2883 6762 7107
2884 6078 4730
2885 4997 5972
2886 9946
2887
2888
2889 889 2180 6
2890
2891 2676 9249 9003 9484
2892
2893 4122 2081
2894 6372 6154
2895 4906
2896 5945 1045 3271
2897
2898 7188
2899 1186
2900 5741
2901
2902
2903 6210 324
2904
2905
2906
2907 4541 6455
2908 3778
2909 9040 1742 4752
2910 3282
2911 9452 3101
2912 3381 52
2913 9843
2914 5177 5804
2915
2916
2917
2918
2919 7062 6451
2920
2921
2922
2923
2924
2925
2926 9665
2927
2928 1205 1425
2929 6415 2868 4680
2930 734 2921 7697
2931 4613 6187
2932
2933 2332 8024 9216
2934
2935
2936
2937 3154 3632 838
2938 8474
2939
2940 8715 444 4009
2941 3910 8325
2942 6520
2943
2944 6809
2945 5213 8831 8213
2946
2947 5413
2948 6030
2949
2950
2951
2952
2953
2954
2955 173
2956
2957 3054 2986 7237 2831 5586
2958 4811
2959 2573
2960
2961
2962
2963 2033
2964
2965 9600
2966 8413
2967 3437 9992 8838
2968
2969
2970
2971 6691 3036
2972
2973
2974 8886 4271 7143 1502
2975
2976 3122 6994 647
2977 4086
2978
2979 1394
2980
2981
2982 1123
2983
2984
2985 2420 6503
2986 547 2243
2987
2988 8329 8729 6221 5022
2989 1497 3186
2990
2991 5831 5781
2992 2577
2993
2994
2995
2996
2997
2998
2999
3000
3001
3002
3003 2961
3004 5477 6784 2119
3005 7148
3006 7391
3007
3008
3009 4899 1348
3010
3011 4203
3012 4870 2253 5232
3013 815 7134
3014
3015 2760
3016 7600
3017
3018
3019 6989
3020
3021
3022
3023 2218
3024 1326 2662
3025
3026 2765
3027
3028
3029
3030
3031
3032 1623
3033
3034 2078
3035
3036
3037 6853 5484 4196 7979 2874 9429 7560
3038
3039
3040
3041 8724
3042 4551 9456 5014
3043 6433 7118
3044
3045 3767 2026
3046
3047
3048
3049
3050 5421 127 1713 4843 8962 9402 2690
3051 3510 5649
3052
3053 5578
3054 5189 1680 9031 2275
3055
3056
3057
3058 3598 5031 3964 2496
3059
3060 4978
3061 7554 1578 7531 3001 5889 5216
3062 2858
3063 7815
3064
3065
3066
3067 8293 204 5481
3068
3069 4812 3517 8915
3070 2331
3071 9418
3072 2090 3539
3073
3074
3075 8477 5320
3076
3077
3078
3079 4159
3080 5984
3081 2047 7142 985
3082
3083 6890 9150 6276
3084 703
3085 9276 8575 2782
3086 5691 2519 1716
3087
3088
3089
3090 4461 6341 9943 4852
3091 3625
3092
3093 7149
3094 7288
3095 2311
3096
3097
3098
3099
3100
3101 3264
3102 4908
3103
3104 196
3105 8392 7986 9302
3106
3107
3108 8357
3109 2305
3110
3111
3112
3113 7196 3793
3114
3115
3116
3117
3118 4303 1148
3119 7012
3120
3121 4623 4322 1013 6770 4451 5805
3122 6398 9657 3033
3123 7436
3124 8055 8352
3125
3126 7663 4904
3127 1403 4764 5137
3128 3555
3129 8806
3130 780 827
3131 1262 3429 3562
3132
3133 2231 6163 9601
3134
3135 1157 1215
3136
3137 4435
3138
3139
3140 5085
3141
3142 8347
3143 5261 4584 9557
3144
3145
3146 1020
3147
3148
3149 6049 6888 1747 591 3044 4628
3150 4735
3151
3152 7572 8469 329
3153
3154 5021 5702
3155 3943
3156
3157 7665 3155 3159
3158 4232 2452
3159 1426
3160
3161 4334 8198
3162
3163
3164
3165 6349
3166 18
3167
3168
3169 8728 9190
3170 5611 6578
3171 1496 4191
3172
3173 5510
3174
3175 8550
3176
3177
3178 1008
3179
3180 9828 9830 2462
3181 8907 2557
3182 1210 5392
3183
3184
3185
3186 2431 2383 2878
3187 3063 4409 4525
3188
3189 8841
3190 6536 1898
3191 1299 7290
3192 6015
3193
3194 4291
3195 2407
3196 4973 4568
3197
3198
3199 8102
3200 4227
3201
3202
3203
3204 4805 2179
3205 9747 7422
3206
3207
3208
3209 8490 2665 6428 1666
3210
3211
3212 2138
3213 6694 3405
3214 7917 7230
3215
3216 3525
3217
3218 3955
3219 3790 6965 1650 7781 9935
3220 7360 9298
3221 7618 9259 6443
3222
3223 1865 2158
3224 6062 9179
3225 6840 82
3226
3227
3228 953 3067 4352 388 9803 5668 4261
3229
3230 3433
3231
3232
3233 2155 3222 5364
3234
3235
3236
3237
3238
3239
3240 4039 5397
3241
3242
3243 5583 3923
3244
3245 4357 8840 7291 7910 8534
3246
3247
3248
3249
3250
3251
3252 2219
3253
3254 4958 4371 2967 7714
3255
3256 2638 2386 4994
3257 9442
3258 6783
3259 4267
3260
3261
3262
3263 2623 7050 9299
3264
3265 4790 4590
3266 4528
3267 9340 2835 1571 1145
3268
3269 4035
3270 8081 3278
3271 8502
3272
3273 9554 3340
3274 4266 1760
3275 6508
3276
3277
3278
3279
3280
3281
3282
3283
3284 3715
3285 2787
3286
3287
3288 617
3289
3290 6113
3291
3292 6885 6528 6756 7925
3293 6977 420 4508 7907
3294
3295
3296 5895
3297 4078 2199 5977 3023 3671
3298
3299
3300 5639 3263 4087 9932
3301
3302
3303
3304 541 4149
3305
3306
3307
3308
3309
3310 9096 5497
3311
3312 9878
3313 5004
3314
3315
3316
3317
3318
3319
3320 6329 8496
3321 8801
3322 1217
3323 2175 9359 5847
3324 2302 4089
3325 6561 6581 1313
3326
3327
3328 3056 8214
3329 2701
3330
3331
3332
3333
3334
3335
3336 3896
3337
3338
3339 1952 2169
3340 9755
3341
3342 5734
3343 6313 1802
3344
3345 5195
3346 3205
3347 249 2664
3348
3349
3350
3351
3352
3353 1762 988
3354
3355
3356
3357
3358 5394
3359 8480 4003 147
3360
3361 6297 7533
3362
3363
3364 315
3365
3366
3367 7224 3909 7929
3368
3369 9987
3370 1936 7724 3913
3371 7640
3372
3373 7699
3374 4818 9166 5621
3375 9045 635
3376 8372 6477
3377 8318 899
3378 2526 554
3379
3380
3381 3291 3419 952 8218
3382 2104 9732 180
3383
3384 2144 5942
3385
3386
3387
3388 1011 4382
3389 5850
3390 3642 872
3391 7904
3392 523
3393 5965
3394
3395
3396
3397
3398
3399 1504 840
3400
3401 5632 8456 6846 2944 9930 3746
3402
3403 4112 5692
3404 2491
3405
3406 6409
3407 9605 7146
3408
3409
3410
3411
3412 4155
3413 1888
3414
3415
3416
3417
3418
3419
3420 1240
3421 7430 7946 977
3422 5259
3423
3424
3425
3426
3427 7584
3428 9243 5725 2378
3429 9170
3430
3431
3432 1176 4393
3433
3434
3435 4599
3436
3437
3438
3439 8277 4424
3440
3441 2428
3442
3443 2170
3444
3445
3446
3447 7441
3448
3449
3450
3451 2694
3452 1077
3453 2766 9450 5688
3454 9455
3455
3456 210
3457 7875
3458
3459 351
3460 5647 5013
3461 4887
3462 2209 5860 800
3463 9251 2539 5034 9899 9580 5136
3464
3465 7568 843
3466 1895 4301 7072 2872 88 1539
3467 6149
3468 317 7075 4250
3469 4437
3470
3471 7464
3472
3473 997
3474 4582 9367
3475
3476 7512
3477
3478
3479 3521
3480
3481
3482
3483 3516
3484
3485
3486 9086 7988
3487 25 2930
3488
3489
3490 2563 9574
3491
3492 1238
3493
3494
3495 4436
3496
3497 753
3498
3499
3500 8576
3501
3502
3503
3504
3505 5032 2560 2394 8826 3926 8874 7677 6100
3506 2955 382
3507 3639 7597 2728 3659 3328 2364
3508 4181 6423 1662 4713 4320 465
3509
3510 4719
3511 8991 7594 6217
3512
3513
3514 14 1435
3515
3516
3517 9160
3518
3519 7593
3520
3521
3522
3523 6735
3524
3525 5174 9466
3526
3527 5766
3528 4230
3529 2950 4609
3530
3531 7265
3532 6033
3533
3534
3535
3536 4851 512
3537
3538
3539 1190
3540 5716
3541 4543
3542 2603 5238 1508
3543
3544 6006
3545 916
3546 8001 9613 4205 7006 6146 5795 3382 2678 7033 284 2723 9486
3547
3548
3549 2887
3550 4753
3551 2601 500 8070
3552 6855 9582 743 5352
3553
3554 7892
3555
3556 6131
3557
3558 454 4581
3559 4279
3560
3561 3102
3562
3563
3564
3565 449 1982 4879 2397 4331
3566 2570
3567
3568 1515 1347
3569
3570
3571 4308 5329
3572
3573
3574
3575 508 6971 8109
3576
3577
3578 8444
3579 4619
3580 7481
3581
3582 4521
3583
3584
3585
3586
3587 1212 1860 9931
3588 8648 9423 2468
3589 1939
3590 8892
3591
3592
3593
3594 6781 7018
3595
3596
3597
3598 7159 8719
3599 5138 9809 5436
3600
3601 5570 5998 580
3602 6391
3603 4449
3604 7411
3605
3606 6668 1043 8025 23 74
3607 9639
3608 1473 5512
3609
3610 9507
3611
3612
3613 1086
3614 9422
3615 2355
3616 4863 7056
3617 9651 5760 5657 6615 8897
3618
3619
3620
3621
3622 6249
3623 9030
3624 7405 7629
3625
3626
3627
3628
3629 8164
3630
3631 95 5887 461 8495
3632
3633
3634
3635 7204
3636
3637
3638 6416 791
3639 3032 5519
3640
3641
3642
3643 5317
3644
3645 3674
3646 4578
3647 5133 5478 7225
3648 6321
3649 5140 5331
3650 7340 172 5120
3651
3652 1087
3653
3654 6726
3655
3656 4156 160
3657
3658 664 8384 8799
3659
3660 3987
3661
3662 8708 8311
3663 5605 6323 9107 6568 9064 6031 7771
3664 4012
3665
3666
3667
3668 6588
3669
3670 6333 8200
3671
3672 7500
3673
3674 6196
3675
3676 6066 8122
3677
3678 6389
3679 8533
3680 8772 5225 8488
3681 6908 615 2646 3459 6721
3682
3683 1626
3684 6647 3242
3685
3686 6496 3815 698 3574
3687 9386
3688 8610
3689 2927
3690 9499 5389 9664 6289 2548
3691
3692
3693
3694
3695 5115 3914
3696
3697
3698
3699 3617 2447
3700 8676 2328
3701 9263 8017 64 9782 5931 1814 4819
3702
3703
3704
3705
3706 9681 732
3707 2940 5994
3708 6402
3709
3710
3711
3712 6660 5777 569 2446
3713 346 4489 7638
3714 4254
3715
3716 5967
3717
3718 7637 785
3719 9959
3720
3721
3722
3723 5075 5546 8919 8629
3724
3725 3739
3726
3727
3728 7983 6273 7447 4611
3729
3730 2424
3731 3457
3732 5840
3733
3734
3735
3736
3737 8240
3738
3739
3740 7008
3741
3742
3743 8438
3744 826 6440 1279
3745
3746
3747 6767
3748
3749 7670
3750
3751 3680 1281 7830 7631 1728 2823
3752 4417 2812 9765 6155 1005
3753
3754
3755 8092 8016
3756
3757 7135 7824
3758 2585 7239 4981 7119 8608
3759
3760 2340
3761 6597 2865 9694
3762
3763 5981
3764
3765 236
3766
3767 7136
3768
3769 4407 2667 5070
3770 1544 3990 27 5501 1248 9283
3771 7299 808
3772
3773 2365 9589
3774 8568 3748
3775 203 7611
3776 4450
3777 8975 1052
3778
3779
3780 9889 9542 6206
3781 4253
3782
3783
3784
3785
3786
3787 9430
3788 8776 5054
3789
3790
3791 7163 6540
3792
3793
3794 4220
3795 2626
3796 3508 5600 6143 4539 481 9447 7197
3797 1994
3798 6959 751
3799 4336 1872 5792 3388 7108
3800
3801
3802
3803 2550
3804 4769 5373
3805 8701
3806 8411
3807 5855
3808
3809 2602 1569
3810 932
3811 9635 6917 7462
3812 6958 9174
3813 5588
3814 2749
3815 8909 8421 9290
3816 3267 9164
3817 7083
3818 5434
3819
3820 7371
3821 405
3822 8168
3823 9221 6575 7116
3824
3825
3826 1581
3827 7296
3828 2990
3829 2595
3830 1974
3831
3832
3833 8735 5052
3834 1308
3835 6676
3836 9522
3837
3838
3839
3840 531 281 5226 1501 6497
3841 7720 6088
3842
3843
3844 7433
3845
3846
3847
3848 8692 5535 965
3849 8209
3850
3851 8766
3852
3853
3854
3855 5422 4583
3856
3857 593 2299 756
3858
3859 5141 2813 4569 1245
3860
3861 1746 618
3862 4869
3863
3864
3865
3866
3867 5167
3868
3869 4360
3870
3871 6986 4738 7913
3872
3873
3874
3875 2948 7876 7696
3876 5076
3877
3878
3879
3880 9998 5553
3881 8744
3882
3883
3884 4577 7675 1225
3885
3886 3796 168 5005 1330 7924 2803 7574 7814 9991
3887 1493 7155 5418 2799 8062
3888 3886 1562 1439 2339 6231 9390 1836 2535 4702 3189 4806
3889
3890 4595 2546 332
3891 9306
3892 1196 3143 8088 4758 2217
3893 1945
3894
3895
3896
3897
3898 9281
3899 945
3900
3901 6281 3599 7515 2374
3902
3903
3904 5681 8885
3905 675
3906 4310
3907
3908 1047 8153
3909 8845 318 4011
3910
3911
3912
3913
3914
3915
3916
3917
3918
3919 6331 404
3920 2377
3921
3922 8775 242
3923
3924 6194
3925
3926 868
3927 5932 9723
3928 3010 5314
3929 7174 2754
3930
3931
3932
3933
3934
3935 2422 9769
3936 4961
3937 7691 103
3938
3939
3940 7044
3941
3942
3943 6132
3944 3977
3945
3946 8356 1830
3947 7082
3948
3949 9344
3950 1362
3951
3952 7667 7974
3953
3954
3955
3956
3957 2584
3958 43
3959
3960 5351
3961
3962 5102
3963 2193 5629
3964
3965 9975
3966
3967
3968
3969
3970
3971
3972 6617 51 7303
3973 6400 2739 1735 9729
3974 9400 9670
3975
3976 790 8487 1042 2451
3977
3978 4962
3979
3980
3981
3982
3983 5428
3984 4401
3985
3986 5387
3987
3988 9378
3989
3990 1174 2286 9786 6059
3991 8770 5040
3992 3197
3993 6868
3994
3995 4690
3996 5811 9008
3997 4349 5677
3998 3681 8381 832 8049 1690
3999
4000
4001 6038
4002
4003 3227
4004 7632 5790
4005 9207 3024 7507 3040 610 8547 258
4006
4007 4742 6161 492
4008 2644
4009
4010 9513 6319 8125 1065
4011
4012 2101
4013
4014
4015
4016
4017
4018
4019
4020
4021 5862 8820 5029
4022
4023 740
4024 1028
4025 6021 7383 870 4302
4026 2708 3613
4027 7090
4028 4080
4029
4030
4031 9595
4032 5108 3643 371 7478
4033
4034 4782
4035
4036
4037 6577 5424 4486 1398
4038 5432
4039
4040
4041
4042
4043
4044
4045
4046
4047
4048
4049
4050
4051 7725
4052
4053
4054 5116 4563 5106
4055
4056 9674
4057
4058
4059
4060
4061
4062 9825 540 3601
4063 7542
4064 9814
4065
4066
4067
4068 6091 9855 5666
4069
4070
4071
4072
4073
4074
4075
4076
4077
4078 9333 8189 4649 6357 6456 121
4079
4080 8110
4081 6808
4082 7400
4083 1200 1552
4084 7698 1282 4041
4085 6384
4086
4087 9305 4786
4088 3634 8188
4089
4090 1670
4091
4092
4093
4094 968 3412 1727 4731 336
4095
4096 2457
4097
4098
4099 5437 4845
4100
4101 5123 4936 94
4102 1795 2464
4103 5148 337
4104
4105
4106
4107
4108
4109 5349
4110
4111 4434 3782
4112
4113 2862
4114
4115 3824 1119
4116
4117
4118
4119 3070
4120
4121
4122
4123 4846
4124
4125
4126 8704 7444
4127
4128 3804 947 6866
4129
4130
4131
4132
4133
4134 3037 1323 5404 8349 2207 7541 7505 5343 8378
4135 9607 6938
4136
4137
4138 3369
4139 9979
4140 4514
4141
4142 5453 3678 6922
4143 6553 3142 6295 9661
4144
4145 4463
4146
4147 7999 3052 9544
4148 5752
4149
4150 2826 8875
4151
4152
4153 4355 363 98 9768 9098
4154
4155
4156 9468 9546
4157 2898
4158 6228 7658 124
4159
4160
4161
4162
4163
4164
4165
4166 1487 903 3408
4167 9845
4168
4169
4170
4171 453
4172 4263 4960
4173
4174
4175
4176 499
4177
4178 852
4179
4180 5833
4181 5508
4182 6229 979 1766
4183
4184 9861 3506 967 8342
4185
4186
4187
4188 886 1314 6712 8415
4189
4190
4191 7307
4192 3304 7382
4193
4194 6798 3345
4195 8420 477 3113 8141
4196 5255 3140 3307 8454 3771 5876 282
4197
4198
4199
4200 4974
4201 4200 3435 6343 7960
4202 6141
4203 9762
4204
4205 109 4934 3930 2522 3026
4206
4207
4208
4209
4210 1986 7168
4211
4212
4213
4214 3165 9464
4215 2763
4216
4217 7048
4218
4219
4220 148
4221 7009 8376
4222
4223 3130
4224
4225
4226 1596 980
4227 38
4228 8106 6541
4229
4230 7396 1956 4072
4231
4232 940
4233 9636
4234 3588 2653
4235 1718 2037 5242
4236 7757
4237 7294 144 8577 9576
4238 7525
4239 8509 9392
4240 4873
4241 3518
4242 4977
4243 1443
4244 796
4245 5957 8652 7510 2352 3120
4246
4247 7092
4248
4249 5936 462
4250 7896
4251 3209 8660 9810 3803 6251
4252 6887
4253
4254
4255
4256
4257
4258
4259
4260
4261 277
4262 7802 7758 5858
4263 9343 8993
4264 9419 5968 4337 4674
4265 4834
4266 1559 1081 2978
4267 243
4268
4269
4270
4271
4272
4273
4274
4275 7617
4276
4277
4278
4279 3141 4723 4911
4280
4281 58
4282 4529 3832
4283
4284 565
4285
4286
4287
4288 8644 1294 1788 4363
4289
4290 4042
4291
4292
4293
4294
4295
4296 4610
4297
4298
4299 9781
4300 9241
4301 2115 9
4302
4303
4304 6422 4314 9224 7928
4305 3915
4306
4307 4138 7835 237
4308 8859 80 2674 7085 9355
4309
4310
4311 7886
4312 8984
4313 1929
4314 257 9916
4315 941 9057 154 3794 1932
4316 9211
4317
4318 3148
4319 3364 1514
4320 7115
4321
4322 222 7272 3937 9610
4323 9652
4324 1038
4325
4326
4327
4328 5715 6168
4329
4330
4331 7425 8481
4332 8239 8210
4333
4334 218 8945
4335
4336
4337
4338
4339 5914
4340
4341
4342 7763 3735
4343
4344 2057 4452
4345
4346 57
4347
4348
4349 628 8231 1233 5236
4350 2456
4351 9504 7026
4352 863 529
4353
4354 8934 17 1717 4654 9024 2359
4355 3693
4356
4357 3641
4358 5201
4359 5641
4360 7157
4361 8295
4362 5378 856 1935
4363 6014 1365
4364
4365
4366
4367
4368 9683
4369 2205 1260 2264 9624 3218 4002
4370
4371 5219
4372 830 722 2474
4373
4374
4375 6392 2161 9252
4376 2753
4377
4378
4379 112
4380
4381 7445 6135
4382
4383
4384
4385 6988 9774 381
4386
4387
4388 7339
4389
4390
4391
4392
4393
4394
4395 1354 4535
4396 6230 5680 7257 9659
4397
4398
4399 7469 2520 2051
4400
4401
4402
4403 2112
4404 3660 9739 3544
4405 5035 6765 7982
4406 4781
4407
4408
4409 3396 1603
4410 2617
4411 2228 5564
4412 3707 2098
4413
4414 1408 3654 8590
4415 2412 6421 5028 7715
4416
4417 8832 3297 4779 7065 7101 8374 8807 7052 3811 1247
4418 158
4419
4420
4421
4422
4423 5982 574 9608 6277
4424
4425 7202 8425
4426 4395
4427 4022
4428 573 2964
4429 7317 9018
4430
4431 3605 3766
4432
4433 9186
4434
4435
4436
4437
4438
4439 8428
4440 4669 55 7842
4441
4442
4443 49
4444
4445 45 4594 4538
4446
4447 2342
4448 9831 5347
4449
4450
4451 7248 6018 2926
4452 9238
4453
4454
4455
4456
4457
4458 8626
4459
4460
4461 5542
4462 3740 166
4463
4464 7297
4465 2489
4466 3485
4467 1521
4468 9313
4469
4470 9461 2064 4421
4471
4472
4473
4474 9319 8368 6602 3084 7471
4475
4476
4477 3171 6042 3972
4478
4479 6849
4480
4481
4482 9105 9944
4483
4484
4485 6140 7094
4486 5156
4487
4488
4489 7686
4490 200 8634
4491
4492 894 8262
4493
4494 7810 6651
4495 8288
4496 7395 7042 7341 4922 9123
4497 1604
4498 261 4403
4499
4500
4501 1837 3941 1819
4502
4503
4504 8501
4505 5468
4506
4507 7788 9366
4508
4509 7348 7934 1142
4510 730 4096
4511
4512 713 9341 6403
4513
4514 6563 2160 4018 6776
4515
4516 5011 5044 9363
4517 688
4518
4519 1549 777
4520 2596
4521
4522 1523 2173
4523 5608
4524
4525
4526 6432 6865 6055 2547 5309 6656 2461 9857
4527
4528
4529 5821 9679
4530 8911 8949
4531 4131
4532
4533 1290 9545 67
4534
4535
4536
4537 1073 1585 1167 1488 1706
4538
4539 3374 3320 8925
4540 8320
4541 2598
4542 3638 6499 1817
4543 4937
4544
4545
4546
4547
4548
4549 2751
4550
4551
4552 9371
4553 35
4554 9389 8731
4555
4556 9642
4557 6557 7704 4179 7167
4558
4559 2824
4560 4523 330
4561 8579 9676 2840 3547 4559 5147
4562 71 40 7547
4563
4564
4565 7081 418 9824
4566 5999
4567
4568
4569 680 9473
4570
4571 6845
4572
4573 7213
4574 1018 6511 8654 7370
4575
4576
4577 8721 5504 8529
4578 447
4579
4580
4581 9776
4582
4583
4584 955
4585
4586
4587
4588 3402 5796
4589 3710
4590 9666 4677
4591 3814 6244 8282 7955
4592
4593
4594
4595 9503 8516 6102 4955
4596 9967 7426
4597
4598 297
4599
4600
4601 4907 9055 7972
4602 3708 5175
4603 5682 6053 398 1342
4604
4605
4606
4607
4608
4609 1856
4610
4611
4612 9266
4613
4614
4615 1763
4616 5820 2772
4617 6429
4618 7324
4619
4620 4888
4621
4622 6569
4623 5904 1880 6238 8379 4163
4624
4625
4626 4182
4627 2198
4628
4629
4630
4631 6722 4162
4632 9868 884
4633
4634
4635 2366
4636
4637
4638 8922
4639
4640 3377
4641
4642
4643
4644 1345 368 4402
4645
4646
4647 2045
4648 7310
4649 5690 5670 3513
4650 7671 8771 5946
4651
4652 345 4810 2737 6024 1246
4653 3849
4654 5383 7283
4655
4656 562 6807 7337 3219 6493
4657
4658
4659 6504 2440
4660
4661 2053 296
4662 9938
4663
4664 9871 1587 9081
4665
4666 3294
4667 4453 3726 4919
4668 6361 4748
4669 2325 1628 8328
4670 5139
4671
4672
4673 2341 6708 3922 2150
4674
4675
4676
4677
4678 601
4679
4680
4681
4682
4683 716
4684
4685
4686
4687
4688 2470 7022
4689 2695 191
4690 263
4691 417 6570
4692
4693 8793 7315 6109 655 9457
4694 5543
4695
4696 4586 6479
4697 9660
4698 4726 7919 163 3220 1048 6124 8848 3537
4699 2262 5315
4700 5573 6377 5755
4701
4702
4703 256 3791
4704 3848 8932 2077
4705 1944
4706
4707 3048 652 8824 906
4708 4897
4709
4710 2542
4711
4712 4510
4713 9162
4714 3902 6167 3866 2618
4715
4716 9553 6205 450 1999
4717 2580
4718 3720
4719 813
4720
4721
4722
4723 2113
4724
4725 9910 4047
4726 7916 1510 3770 194 356 5698 9821 425
4727 6837 9717
4728
4729
4730
4731
4732 3536 4088 5113
4733 8868
4734
4735
4736
4737
4738
4739 8366
4740
4741 4032 3554 793
4742 3014
4743
4744
4745 1550
4746
4747 7561 1223 2427 3126
4748
4749
4750
4751
4752
4753
4754 8936 614 6802
4755
4756 3240 9062 3979
4757
4758 9463 4129
4759 6365 2197 2367
4760
4761 1118 7822
4762 5043 2811 3086 8563
4763 9617 1431 999 6178
4764 5888
4765
4766
4767 9956
4768
4769 8230
4770
4771
4772
4773
4774
4775 656 9082
4776
4777 7645
4778 3801 5843
4779 438 4399 414 7226
4780 7499
4781
4782
4783
4784
4785
4786
4787
4788
4789 854
4790
4791
4792 20 5289 2238
4793 1580
4794
4795 1842
4796
4797
4798
4799 1447
4800 70 36 6893
4801 8584
4802 9219 2482
4803
4804 3398
4805 5686 5277
4806
4807 528
4808
4809 650 9942 4681
4810 4037 9924 7762 7185
4811
4812 8663 8850 5239
4813
4814 1177 8104
4815
4816
4817
4818 2055 2021 9135
4819
4820 6897 2781
4821 7138 8736 978
4822
4823
4824
4825
4826
4827
4828 5286
4829 8172
4830 4700 9994
4831 4893
4832
4833
4834
4835
4836
4837
4838
4839
4840
4841 9524 3403 6834
4842 7388
4843 3997
4844
4845
4846 9102
4847 5868
4848
4849
4850 7753 6957 3929 5902 3807 2036 3080
4851
4852
4853
4854
4855
4856 648 9458
4857
4858 7711 4757 7260 9927
4859
4860
4861
4862 865
4863
4864
4865 6468
4866 7295 8442 6771 5530
4867
4868
4869
4870
4871 8844
4872 9010
4873
4874 471 269 3579 908
4875 4495 9335 8639
4876 9788
4877 3376 5454 9020
4878 1115 3925 8794
4879
4880 2994
4881
4882
4883
4884 6923 2403 1993 2481 3496
4885 7737
4886 4406
4887 152
4888
4889
4890
4891
4892 3621 2152
4893 5274 1736
4894
4895 384
4896
4897 1165 5964 895
4898 3593
4899 4638 4627 2591 2116
4900 7346
4901 8621 2058 3390 5025 2402
4902
4903
4904 6894
4905
4906
4907
4908
4909 7306
4910 9184 2030 2245 5646 8804
4911 5721
4912
4913 1715
4914
4915 5019
4916 4347
4917
4918 8484 7643
4919
4920 9185 9705
4921
4922
4923 9827 9360
4924
4925
4926 3401 5218
4927
4928
4929 9061
4930 4095
4931 3982
4932 4455 2933 5332
4933
4934
4935
4936 6662 7682
4937 4864
4938 8963 3393
4939
4940
4941 8094
4942
4943 6961
4944
4945
4946 3626
4947
4948
4949
4950 6699
4951 3556 8105
4952 7304
4953
4954 9985 241 3238
4955 3202
4956
4957
4958
4959
4960
4961
4962 909 4036
4963
4964 1437
4965 5810
4966
4967 2268 8687
4968
4969
4970
4971
4972 4895
4973 5297
4974
4975 7027
4976
4977
4978
4979
4980 2429 4793
4981 3235
4982 5336
4983
4984
4985 8628 5094
4986
4987 3150 5444
4988 5520
4989 9892 8223 1874 9027
4990
4991
4992
4993 9373 577 7152 2538
4994
4995
4996
4997
4998
4999
5000 5012 8485
5001 959 936
5002 5733 5150 996 4986 443 8591 1972
5003
5004
5005 2089 8127 1402
5006
5007 5456
5008
5009 4787
5010
5011 3358 7602
5012 7636 2349 3557
5013
5014
5015
5016 8994
5017
5018
5019 4070
5020
5021
5022
5023 6558 5495 452
5024 5615
5025 9021
5026
5027 4233
5028
5029
5030 4211
5031 2326
5032 2963 2477 2609
5033
5034 3968 3802 9593
5035
5036 9758 6713 762
5037 9445
5038 3446
5039 7949 2752
5040
5041 8305 2035 6348 5406
5042 6145 2545 1444
5043 2756 5016
5044 3934
5045
5046 7320 583
5047 3524 3532
5048
5049
5050
5051 8989 9680
5052
5053
5054
5055
5056
5057
5058
5059 1377 9744
5060 8852 7028
5061 3051 7968
5062
5063
5064 9629 7506 1828
5065 6076
5066 5559 8763 5169
5067 3371 9409
5068 9783 4140 322
5069
5070
5071 1530 2322 896
5072
5073 9399
5074
5075
5076
5077 157
5078 5303
5079 2105
5080
5081 1540 2671 5003
5082 3568 7829
5083
5084
5085 46
5086 7496
5087 2534 9023
5088 6755
5089
5090 3422 546
5091
5092 8121
5093 2767
5094 5224 9119
5095
5096
5097 9673
5098 1705 4762 110 2544 4967 8212
5099 4356
5100
5101 1737 5602
5102
5103
5104 1090 733
5105
5106
5107 4061
5108 244
5109 5191
5110
5111 2776 1660
5112
5113
5114
5115 3699 3847
5116 9713 9200 1568
5117
5118
5119 4420
5120
5121
5122 2309 8464
5123
5124 1368 8373
5125
5126 9529 8002
5127 2902
5128 7216 5753 6512 4051
5129
5130 7030 3136
5131
5132 4306 8196
5133 6593
5134
5135
5136
5137
5138
5139
5140 5442
5141 2629 6686 7994
5142
5143 1254
5144 2842
5145 6963
5146 4464
5147 7336
5148 4725
5149
5150
5151 5644 8341
5152 4153 5252 2284 4444
5153 2910
5154 9711 8870
5155
5156
5157 4255 9065
5158 4391 2189
5159 3065 8890 5664
5160
5161
5162 6379
5163
5164 5009
5165
5166 9873 7977
5167
5168
5169
5170 6405 1609 5979 1810 6099 524 7701 123
5171
5172 309
5173
5174
5175
5176 6621 542 4313 9357 9395
5177
5178 6460
5179 8560
5180
5181
5182 5970
5183
5184
5185
5186
5187 9394
5188
5189 3884 6688 5853 9785
5190
5191
5192
5193
5194
5195
5196 1137 502 362 6947
5197 1834 311
5198 2287 2567 4194 9054 3629
5199
5200
5201 3261 7997
5202 8063
5203 3653 4948
5204 389 9565
5205 9201
5206 6685 2836 7385 1407
5207
5208 1708
5209
5210 3917
5211
5212 5839
5213 4081 5260
5214 4592 9556
5215
5216
5217 1156
5218
5219 1915
5220 7731
5221 8665 7630 9898
5222
5223
5224
5225 7058 5233
5226 9667
5227 7484
5228 6670
5229
5230
5231 3257 810 5294 5300
5232
5233
5234
5235
5236
5237
5238
5239 5186 1164
5240 2890
5241 4991
5242
5243 7351
5244
5245 8290 4128 4612 9591
5246
5247
5248 3355
5249 8500 961
5250
5251
5252
5253
5254
5255 5369 1756
5256 7485
5257 2361 6716
5258
5259 2164
5260 9034
5261 4828
5262
5263
5264
5265
5266
5267
5268 816 3045 7242
5269 342 9766 3134
5270
5271 2758
5272 2191
5273
5274
5275 3690 4351 9630 7322 1274 5187
5276
5277
5278 8335
5279
5280
5281 1949 1849 2900 3453 7743
5282 6410 7749
5283 3250
5284
5285
5286
5287
5288 8333 6812 159 8057
5289 4210 5247 9675
5290 3679
5291
5292
5293 6954
5294
5295 4154
5296 9338
5297
5298 6048
5299 6294
5300
5301 3030
5302 9867 428
5303
5304
5305
5306 9687
5307 3888 9268 3546 6663 4134 5068 4601 3775 4501 7821
5308 9012
5309 4659 5652
5310 1108
5311 7343 6910 9918 1588 3013 8813 7567
5312
5313 8280
5314
5315 3776 8170 3772
5316 885 9441 7652 6990
5317
5318
5319 8622
5320
5321
5322
5323 9072 8120
5324 6252 328 6613
5325
5326
5327 3017 2044 3550
5328 2054
5329 280
5330
5331
5332 9669
5333
5334 1304
5335 6472 5867
5336
5337
5338 8787 8625
5339 2943
5340
5341 2171 1610 4428 8523
5342
5343 3378 3817 4440 3575 794
5344 911 8849 4836
5345 3553 6302
5346
5347
5348
5349
5350
5351
5352
5353
5354 5955
5355
5356 230 5949
5357
5358 4597 1417 3828 8254
5359
5360
5361 3274 7106
5362 1258 9460
5363
5364
5365 1700
5366 4476 2876
5367
5368
5369 2565 8830 6089
5370
5371 3487 8270 3583
5372 767 5746
5373
5374
5375 1984 1991
5376 602 8301
5377 2655 9217
5378 9052 391 7764 6591
5379 4374 5367
5380 6368
5381 7300
5382
5383 7633 612
5384
5385 9253
5386 507
5387
5388 1765 6192
5389 8493
5390
5391
5392
5393
5394
5395 6637 2313
5396 2400
5397
5398 2925
5399 4104
5400 8920
5401 2726
5402
5403
5404 9004 8191
5405
5406 8553
5407
5408
5409 4248 5142
5410 4532
5411 6235 859 1393 2729
5412
5413 2523 2465
5414
5415 1548 5124
5416 6928
5417 9377
5418 7456 9969 6227 1636 4416
5419 3443 9869 533 6962 5451 7326 5487
5420
5421 7993
5422
5423
5424 120
5425
5426
5427
5428
5429 3875 427 8536 6821
5430 7586
5431 6857
5432 9648 6774 3672
5433 3777 1976
5434
5435 3481
5436 7454
5437 7453 2732 5398 5961 5648 5719
5438
5439
5440
5441 8207 5220
5442
5443 3334
5444
5445
5446
5447
5448
5449
5450 3897 9498
5451
5452
5453 1748
5454 6407 933
5455 5593 9678
5456 4093 3234 3822
5457
5458 8630 3882
5459 2236 1590 6572
5460
5461 1527
5462
5463
5464 4865
5465 6209
5466 7378
5467 6116 9334 8026
5468 4524
5469 6811
5470
5471 7840
5472
5473
5474 9094 7828 289 951
5475
5476 4775 7733 2516 7501
5477 1064
5478 8220 5155 3483 1158
5479 5547
5480
5481
5482 5328 5956
5483 6952
5484 319 3474 5893 1376 4589
5485
5486 6335
5487
5488
5489
5490
5491
5492 5541
5493 2828 3248
5494 3649 111
5495
5496
5497 7800 7219
5498
5499
5500 5121
5501 6164
5502 7870
5503 7523 8336
5504 2109 7113 6453
5505
5506 5575 7569 8712 9804
5507 6805 570
5508 1285 1349
5509
5510
5511 7795
5512
5513
5514
5515
5516 9407
5517 1839
5518
5519 1864
5520
5521 6937 6064 6101 8992 7255
5522
5523
5524 1459 129
5525
5526
5527 8769
5528 5066 7186 7595 4809 8562 9361 4048
5529
5530 2272
5531 6446
5532 5568
5533
5534
5535 998 2071
5536
5537 9043
5538 6474 4366 2315 2123 9590
5539
5540 3856 9191 7334 2413 6040 8902
5541
5542 4370 1832
5543
5544 2715 4550
5545
5546
5547
5548
5549 9778 137
5550 2576 7068 7566 4862
5551 442
5552 3873 1037
5553 708
5554
5555 1276
5556
5557 254 8377 1503
5558
5559 9728 9951 7100 6940 8439
5560 7386 5507 9489 5390
5561
5562
5563
5564 4059
5565 6718
5566
5567
5568 9192 6317
5569 8762 4807 7966 7852
5570
5571
5572
5573 5288 8112
5574 4838
5575 8192
5576 1180 4304 286 4975 5278 994
5577
5578
5579
5580 1685 3290
5581
5582 5425
5583 8123 7519
5584 3254
5585
5586
5587 1704 7942
5588
5589
5590
5591 4727 3144 5295
5592 393
5593
5594 1044
5595 8774 3647 7498 6481
5596 9078
5597 1627
5598
5599
5600 86 1291 1894 7104 8221 9730 1346 8298 3039
5601 7495
5602
5603
5604 8242
5605 2321 2278 6090 2594 7165 472
5606 6852
5607
5608 5370 1635
5609 7656
5610
5611
5612 8822 6943
5613 4755
5614
5615
5616 1219
5617
5618
5619 7424 8361 9731
5620
5621
5622
5623 7796
5624 5342
5625 860 7622 9516 3682
5626
5627 6918
5628 8083
5629
5630
5631
5632 4903
5633 9326
5634 3768
5635 4043 5241
5636 1175
5637
5638
5639 9530
5640 4641 2224
5641 3821 7440 8132
5642
5643 7492
5644 1572 1885
5645 4728
5646
5647 8111 1181 8657 7573
5648 801
5649 1395 9124
5650
5651
5652
5653 4075
5654 2069 2661
5655
5656
5657
5658
5659 5838 3415
5660
5661 8296
5662
5663 4300 6979 5441 2225 5934
5664
5665 7688 7680
5666 6426 1557
5667 5545
5668 128 7473
5669 6126
5670
5671
5672
5673
5674 3729
5675 1608 1486
5676
5677
5678
5679
5680
5681 2783 969 9304
5682
5683 2162 8504 8697 3751 7025 7016 3741
5684 8816
5685 6470 7854
5686
5687 3604 786
5688 4007 3206 5117
5689 5882
5690 1987 5385 3163
5691
5692 7625 2820
5693 8790
5694
5695 7648
5696
5697 9182
5698 7241
5699 2234 2642
5700
5701 1576
5702
5703
5704 2615 9157 7184 6666 2183 5782 9462
5705
5706 973
5707 8565 9712 7131 5192
5708
5709
5710 7047
5711
5712 4575
5713
5714 4170
5715
5716
5717 6744 9274 5505
5718 3420 1334
5719
5720
5721
5722 2554
5723
5724
5725 6810 2809 9852 4555 4397
5726
5727 8307
5728 4234 7121 6790 260
5729
5730
5731
5732
5733 6307 4058 2843 6522
5734
5735
5736
5737 6304
5738 3684 1275
5739 3988 4945
5740
5741 5976 9083
5742 4017
5743
5744 3135
5745
5746
5747
5748
5749 1997
5750
5751 1613
5752 3950 6411
5753 7097
5754 4023
5755
5756
5757 6492 9695
5758
5759
5760 9053 6202 2907
5761
5762 8666 2022
5763
5764 8330 6635
5765
5766 8707
5767
5768
5769 4976 6207
5770
5771
5772
5773
5774
5775 3837
5776
5777
5778 5916 1883 6025 2290 5789
5779
5780
5781 313 930
5782 4593
5783
5784 5787
5785 3344
5786 6387 5992 1490 6282
5787
5788
5789
5790
5791 3438 1611
5792 8142
5793
5794
5795 2620 272 9615 5565 2237
5796
5797 5897
5798 8205 7208
5799 7888
5800
5801
5802 6291 5557
5803
5804 5357
5805 8895 235
5806
5807
5808
5809 2839
5810 2439
5811
5812 7278
5813 5697
5814
5815
5816 8913
5817 3603 9844 6549 9325
5818
5819
5820 6353
5821 3029
5822 3549 8561
5823
5824
5825
5826 3229 9840
5827 370 3658
5828 9710
5829 3404
5830 2731
5831 2863 2636
5832
5833
5834
5835 606
5836
5837
5838 402 2265 276
5839
5840
5841
5842 2687 2329 3090 6801 1480 1877
5843
5844
5845 3319 3717
5846 4497 5815
5847
5848 3181 2677
5849 8703
5850
5851
5852 7144 6212
5853
5854 7797 6060
5855
5856
5857
5858
5859 992
5860 8881
5861
5862 3657 4280
5863 7133 6039 2882
5864 7746
5865
5866
5867
5868 6677 7321
5869
5870
5871 7642 1805
5872 5920 3247
5873
5874 5198 1720 9100 5125 4478 41
5875 989 1841 3876
5876 3874 3984
5877 9514
5878
5879
5880
5881 7745
5882
5883
5884 5063 3912 8679
5885
5886
5887
5888
5889 1702
5890
5891
5892 4275 3759 3703
5893 3061 1162 3323 8716 9327
5894 8283 8659
5895 8734
5896 7695
5897
5898 4064
5899 4772 3854
5900 2201
5901
5902 3085 3081 4518
5903
5904 2049 5490 8292 718
5905 1341 1909
5906 4166 353
5907 8767 9523
5908 4052 3920 9209
5909 509 7847 4990
5910 8304 2605
5911
5912 8134
5913 639 7043
5914
5915 6579
5916 1448 1701 5592 219 1835
5917 3781
5918
5919
5920
5921 6065
5922 9398
5923
5924 3188 1370 6351
5925
5926 8688 9980 8526
5927 837 8910
5928
5929 6883 6296
5930
5931 2934 8693 3489
5932 8433 4774
5933 3215 7967 1995
5934
5935
5936
5937
5938 4074
5939 33
5940
5941
5942
5943 8306
5944 4109
5945 5633
5946 1912
5947 6657 5017
5948 2784 2011
5949
5950 7819 7073 150 1561 9928
5951 784 5740
5952
5953
5954 8419 9013
5955
5956
5957 7480
5958
5959 7127
5960 5913 2714 6019 1749
5961
5962 6213 3578 1961
5963 7193
5964
5965
5966 1850 9006
5967
5968 3608
5969
5970
5971 7488 8047
5972
5973
5974
5975
5976
5977 5563 9790
5978 6601
5979 6448 9649
5980 645 9620 1455 7943 9555
5981 8473
5982 1617
5983 704 4502
5984
5985
5986 9277
5987 2630 1236 9693
5988 3727 8530
5989 5665
5990 7816 6315 7775
5991
5992 3351
5993 3175 9439
5994 4883
5995
5996 4754 3908
5997
5998
5999
6000
6001
6002
6003 594 3112 8299
6004
6005
6006
6007
6008
6009 7951
6010 5614 8781 6516 9734
6011 4224
6012 1060 4187 6523
6013
6014
6015 343 7362
6016 339
6017
6018 9286 692
6019
6020 8056
6021
6022 9240 8856
6023 1967 8338 8741
6024 522 4655 8879
6025 4431
6026 2590 3305 9372
6027 2859 1456
6028 2712
6029
6030
6031
6032
6033
6034 4038 4031 3445
6035
6036
6037
6038 3878
6039 8124
6040
6041 2261
6042 8181 7258 4296 9039
6043
6044 6487 3581
6045 156 4245
6046 3336 8583
6047 7726 3221 5
6048
6049 213 515 7785
6050
6051
6052
6053 846
6054 9255 4195 8616
6055 9232 115
6056
6057
6058 1055
6059
6060
6061 6611 9114 1034
6062
6063
6064 8887 6150
6065
6066 2178
6067 7884 6773 8423
6068
6069
6070 8472 2343 6976
6071 6169
6072 7712
6073
6074 2111 141
6075
6076 7860
6077 2008
6078 8247 660
6079 248
6080 2136
6081 5935
6082
6083
6084
6085
6086 9737 1194 1871 6815
6087
6088
6089
6090
6091 2017 7110
6092 7099
6093 6352
6094 8646
6095
6096 3779
6097
6098
6099 5188
6100
6101
6102 5180
6103 3
6104
6105
6106
6107 5743
6108 177 8136
6109
6110
6111 5502
6112
6113
6114 3471
6115
6116 7683 8078
6117 7271
6118
6119 3384 2307
6120
6121 9614 2901
6122 1112 3473
6123 3470
6124
6125
6126
6127
6128
6129
6130 6332
6131 9292 4576 9149
6132 6036 4171
6133
6134 4788
6135 3957 8407
6136
6137 1934
6138
6139 8401 7483
6140
6141
6142
6143 6772 3004 2082 2356 1340
6144
6145 7754
6146 2223 3565 8009 626 5093 2562 857
6147 8815 948
6148 6224
6149
6150
6151
6152
6153 1392
6154
6155 1046 2
6156
6157
6158 3114
6159 9089
6160 7475
6161 3529
6162 8843
6163 175
6164 4928
6165 2628
6166 7139 2399 2979
6167
6168
6169 352 6269
6170 7750
6171
6172
6173 5296 2713
6174
6175 22 8554
6176
6177 1655 5774
6178
6179 3383
6180
6181
6182
6183 501
6184 7449
6185
6186 5532 6998 2106 4832 517
6187 9850
6188
6189 2453
6190
6191
6192
6193 9795 208
6194 3436
6195 2635
6196
6197
6198 3765 5447
6199
6200 7759
6201 5049
6202
6203 1321
6204
6205 8761
6206 1433 6715 4557 73
6207
6208
6209 8050
6210 93 7959 5430 5335
6211
6212 4881
6213 8602
6214 7522
6215 2249
6216 8155 8393
6217
6218
6219 7613 6012 3809 7906
6220
6221
6222
6223 1057 9449
6224
6225
6226 5552 8217
6227 6105 3295
6228 7668 8255 5222 4892 9579
6229 4384 8060
6230 7518
6231 8195 1479 9148 7064 1804
6232 6176
6233
6234
6235 2336 8027 4770
6236 3889 7361
6237 7298 10
6238 8343 4699 9090 7970 1808
6239 7608
6240 7233
6241
6242 3534 4743
6243
6244
6245
6246 748 4970
6247
6248 9880
6249
6250 5234
6251 2710
6252 6104
6253 7071 6220
6254 6930 2398
6255
6256 2080 6257
6257
6258 5077 3468
6259 7130 7277 8686
6260
6261 1822 9537
6262
6263 5365
6264 5073
6265
6266
6267
6268 9888
6269
6270
6271 3650 4673 8152 2685 1897
6272
6273 2659
6274
6275
6276
6277
6278
6279
6280 9779 2891 6754 1537 3858 3954
6281 3011 8108
6282 1325 5353 2904
6283 4226 8853 3315
6284 5928
6285
6286 3015 1792 5227 2769
6287
6288
6289 1082
6290
6291 2128
6292 8278
6293
6294
6295
6296 5095 3620
6297
6298 9374 7841 295 3339
6299 2777
6300
6301
6302
6303
6304 4639 1030
6305 6659 6927
6306 1925 9108 7874 3951
6307 7333 2736 8880
6308
6309
6310
6311
6312
6313 5536 5516
6314
6315 77
6316 9131
6317 4540
6318
6319 8539
6320
6321 1363
6322
6323 6899 8028 1914
6324
6325 76 476 7635
6326
6327
6328
6329 5960
6330 8429
6331
6332
6333
6334 1213 8208
6335
6336
6337
6338
6339 7513
6340
6341 2727
6342 4580 811 8987 9846
6343
6344 4625 8084
6345
6346
6347
6348 9541
6349
6350
6351
6352 8460 278
6353
6354 4361 4168
6355 1919
6356 3935 3706 1358 5375 9214
6357 6700 9033
6358 3268 4996 3488
6359 6939 622
6360
6361
6362
6363 9176 1921 387 7615
6364
6365 6424
6366 5231 6271 7323 9011 9403 5864
6367
6368 7421 5709
6369 1289 966 2126 6760 3138 4380
6370
6371 9949
6372
6373
6374 118 3299 5745
6375 9929 9368
6376 4517 7367
6377 1807
6378
6379
6380
6381
6382 1980 3123
6383
6384
6385
6386
6387 9818 2845 9265
6388
6389
6390
6391
6392
6393 2536
6394
6395 4684
6396 7511
6397
6398 1474
6399 9933
6400 9647 7582 7655 8631 8618
6401 5689
6402
6403 5111 4373
6404 8453 6545
6405 7610 6071
6406 2473 8809
6407 4794 2983
6408 4933 7807
6409 4249
6410 5426
6411 6301
6412 2436 3057
6413
6414
6415
6416
6417
6418 9586
6419 292 4381
6420
6421
6422 6286 4282 6218
6423 9907 8718
6424
6425 1498 6096 6761 4927
6426
6427 9483 8784 6903 4926 5172 4107
6428
6429
6430
6431
6432 9079 7487 9289 266 2897 226
6433 6775
6434 8043
6435
6436 1352
6437 5256 1827
6438 8904 2108 1324 6758
6439 8998 3973 4251
6440
6441
6442 2124 3194 3761 3946 3863
6443 4939
6444 875
6445 5159
6446
6447
6448
6449
6450
6451
6452
6453 3543
6454 1672 2202 176 4835
6455 3066
6456 8672 8888 534 1529
6457
6458 9381 6901
6459 169 6640 3417 1409
6460
6461 4021 6152
6462
6463 4733 8020 5985
6464 7234 6934
6465 456 5857
6466
6467 8786
6468
6469
6470
6471 1937 4183 7153
6472
6473 8228 2670 3463 9953 7254 8780
6474 7713
6475 3464 5784
6476
6477 2454 8649
6478 9742
6479
6480
6481
6482 1418
6483 9479
6484 6401
6485
6486
6487 1861 5872
6488 6948
6489 2797 6261 6488 8364 7508 4913
6490 5693
6491 771
6492 1442
6493
6494 1593 1475
6495 4217 4219
6496 4704 1249 5966 8244
6497
6498 431 4098
6499
6500 1138
6501
6502
6503
6504 8882
6505
6506 3980
6507
6508 1390
6509
6510 4432
6511 513
6512
6513
6514 4750
6515
6516 4408
6517 4756 1206
6518 7035 3967
6519 5610
6520
6521
6522
6523
6524 2006
6525 3452 6548 4668
6526 9874
6527 5922 4295 2612
6528
6529 7546
6530
6531 7627
6532
6533 667
6534 3694 7172
6535
6536
6537 2551
6538 5237 8607
6539
6540 9205
6541
6542
6543 7782 8253
6544
6545
6546
6547 5217
6548
6549
6550
6551 3367 375 1485
6552
6553 3200 5603
6554 3203
6555 4299 6731
6556 3853 717
6557
6558 8872
6559
6560 3372
6561 2885 4917 5048
6562
6563 6904 7899 3558 7794
6564
6565 8234 1818 4696
6566 6552
6567 1367
6568 9885 2324 2369 6083
6569
6570 1003
6571
6572
6573
6574
6575 923
6576
6577 5808 9663 3434
6578
6579
6580
6581
6582
6583 6489 7240 6082 2735 1051 3027
6584
6585 7891 3270 8080
6586
6587 582 5270
6588
6589
6590 6533 9913 4433
6591
6592
6593 2905
6594 7544
6595 6480
6596 3050 9356 7599 8225 1461
6597 9839
6598 9104 3333 300 9965
6599
6600 6050
6601 9260
6602
6603
6604 845 1273 9775
6605
6606 437 9250
6607 8973 4732 8867
6608
6609
6610
6611
6612 1743
6613
6614
6615
6616
6617 3394
6618 3885
6619 1801
6620 9134 4624
6621 3441 4445 6684 1682
6622 5409
6623
6624 9816
6625
6626
6627
6628
6629
6630
6631
6632
6633
6634
6635
6636 8468 9645
6637
6638 1601
6639 9914 607
6640 1825 3003
6641 8549
6642 8908
6643 1875 6600
6644 8605
6645
6646
6647 8678 9851 8315
6648 521
6649 7347
6650
6651
6652
6653
6654
6655 2773
6656
6657
6658
6659
6660 6041
6661 6275
6662
6663 6945 6583 3752 9477 8753 6219 3663 5474 6026 7748 1684
6664 7805 2639 7452
6665
6666 1379 9958 8158
6667
6668 1725
6669
6670
6671 6926 8681 5153 1654
6672 240 553
6673
6674
6675
6676
6677
6678 5986 2487 2410 1686
6679
6680
6681 2740 1144 8903 551
6682
6683 6646
6684
6685
6686
6687
6688 2242 6165 333 5962 6098 4644 644 9480 7176 3602
6689
6690
6691 2917 9995
6692
6693 5361 3540 5947 3280
6694
6695 6180
6696
6697 1905 2418 2599
6698 3042 2449 721 4147
6699 5832
6700 1351 9634 5412 4607
6701 3021
6702 4090 2382 5248 3857 7575
6703 8165
6704
6705 4643
6706 3288
6707 1930
6708 8965 2849
6709
6710
6711
6712 8944 1882 5556
6713
6714 7559
6715 6011
6716
6717
6718 298 4277 3317
6719 5427 3573
6720
6721 4139
6722 8281 1675
6723 2959 7903
6724 2569 5769
6725 5819
6726
6727 5679 7504
6728 7756 4979
6729
6730 7576 9233
6731
6732 8483 2416
6733
6734 1774 100 3450
6735
6736 1482 6740
6737 2654 4686
6738
6739
6740 2310
6741 6254 7755
6742
6743
6744 3079
6745 8455 2013
6746
6747 5892 183
6748 5457
6749
6750 7024
6751 773 167
6752
6753 6466 6237 9465 2972
6754
6755
6756 8669 8416 8795 193 8107 1076
6757
6758 6902
6759
6760 9837 2633 8211
6761 4213
6762 6527 5433 7780 2466 11
6763 9506 6778
6764
6765 3947 8129 2750
6766 4177
6767
6768
6769
6770 8389 1957 9581 9567 8506
6771 4721 1102
6772 1694 3891
6773 8362 6907
6774 2157
6775
6776
6777 5100 6469
6778
6779
6780
6781
6782
6783 7509 2866
6784 3548
6785
6786
6787 3158 5179
6788 8727 8805
6789 3840 8173 3831
6790 4297
6791
6792
6793
6794 3732 4694
6795 3953
6796
6797 8117
6798
6799 7330 6932
6800 3467 6485
6801 6836 9725 2401
6802 9658 3895
6803
6804
6805 2597
6806
6807 209 9751 7
6808
6809
6810 5033 1385
6811 3687
6812
6813
6814
6815 3533
6816 7080 3082
6817
6818
6819 90
6820 8990
6821
6822 6190
6823 5311 5874 4148
6824
6825 8203 1251
6826 7987 2050
6827
6828 5001 6339
6829
6830
6831 1812 4364
6832 1803
6833 7685 1131
6834 4706
6835 9193
6836
6837
6838
6839 4274
6840
6841 5907 9303 4172 7482
6842 7752
6843 6505
6844 3800
6845
6846 6502
6847 4225
6848 691
6849
6850 6864 9749 8768
6851
6852
6853 1570 8445 4792 4054 1163
6854 4943
6855 9561
6856 3618
6857
6858
6859
6860 2575
6861
6862
6863
6864 5749
6865 3887 842 6034 4099 3127 4537 9547 778 1040 4634
6866 8137
6867 6701
6868
6869 5801
6870 2074 1232 7626 4759 7666 8332
6871 9421 2971 5757 3275 189 3329
6872
6873 1499
6874 3992 4651
6875
6876
6877
6878
6879 7728 2744
6880
6881
6882
6883
6884 7827
6885 4390 990
6886
6887
6888 1892
6889 7850 5900 9897 8053
6890 8224
6891
6892
6893
6894
6895
6896 3266
6897 9833
6898 3289 7437
6899 9070 1309 9808 4878 3031
6900 4952 8089 4242 8184
6901
6902
6903 1006 8641 5566
6904
6905 9621
6906
6907
6908 1797 7877
6909
6910 8720 2408 685
6911
6912 9144
6913 7868 6490
6914
6915
6916 6711
6917 3906
6918
6919
6920 8186 7319
6921
6922
6923 8176 3418 2681
6924 8151
6925 6128
6926 5008 7558
6927
6928
6929
6930
6931 5983 3689
6932
6933
6934
6935
6936 7181 5574
6937 5081
6938
6939 8612 7628 2093
6940 1969
6941
6942
6943 9864
6944 2073
6945 4698 3701 7177 4158 1383 2252 7834
6946
6947 1990
6948
6949 7818 5467 2425
6950 926
6951
6952
6953
6954 7926
6955
6956
6957 3545 7612 535 3145
6958
6959
6960 7442
6961
6962
6963 9908 7895
6964 1640 4165
6965 1789
6966 3128
6967 9726
6968 8201 2951
6969 439
6970 9001 5921 1634 9433
6971 2571 2513
6972
6973
6974 6454 4697
6975
6976
6977 2387 3281 1237
6978 5837
6979 7023
6980 62 8979
6981 9101 578 3864
6982 3192 4848 8199
6983
6984
6985
6986
6987 1751 1787
6988
6989 7789 9236 5304 2652
6990
6991
6992
6993
6994
6995 288 5207
6996
6997 7273 9973
6998 6881 1472 4060
6999 7856 7270
7000 7057 4548
7001 6649 9558
7002
7003 665 2214 8950
7004
7005
7006 1093 4620 7863 1318
7007 4368
7008 1595 6241 3586
7009 8180 9806
7010 7634
7011 3928 9288
7012
7013
7014 1413
7015
7016
7017 6020 1338 4316
7018 7930
7019
7020
7021
7022
7023 3836
7024
7025 6072 6482 4215 1554
7026 1918
7027
7028
7029
7030
7031 3182
7032 9348 5915
7033
7034 7015
7035
7036
7037 2611
7038
7039 7246
7040 1754 8924
7041
7042 5372 6797 7911
7043
7044 9194 3651
7045
7046
7047
7048
7049 2102
7050
7051 5806 1161 9716
7052
7053
7054 3076 7772
7055 7693 3124 8643
7056 5767
7057 5969
7058 2683
7059
7060
7061
7062
7063 4116
7064 68
7065 3368
7066 421 3196 2918 2203
7067 7708
7068 1336
7069 6396 1683
7070 1130
7071
7072 3656 9328 7173 2790 7059 4648
7073 8446
7074
7075
7076
7077
7078
7079 1160 5164
7080
7081 7837
7082 1525 3354
7083 7585
7084
7085
7086
7087
7088
7089
7090
7091 8294
7092
7093 776
7094
7095
7096 5728 8827 719
7097
7098 8981 184
7099 4326 7432
7100 918
7101 493 9088 557
7102 5323
7103 1471
7104 7964 6970 4415 7833 7088 6747 3246 6964
7105
7106 8953
7107 8802
7108
7109 5653 6929
7110
7111 2490 6538 3179
7112
7113
7114 3645 2847
7115
7116
7117 3272 232
7118 9606
7119 3500 422
7120
7121 3974 6342 247 8334 8114 7262
7122 9955 6248
7123
7124 1901 185
7125 5598
7126 654
7127 1536
7128 5731
7129 672 7077
7130
7131
7132 2151
7133 8289 5636
7134 9177
7135 274 5737 2606
7136
7137
7138
7139 6555 3357 3426
7140
7141
7142 8103 9718
7143 3493
7144
7145
7146 9966
7147
7148
7149
7150
7151
7152 5703 750 6125
7153
7154
7155 3427 6675 96 2742
7156 4905
7157
7158 8996 1127
7159 4488
7160
7161
7162
7163
7164
7165 2004 3478
7166
7167
7168
7169
7170
7171 4212
7172 6650
7173
7174
7175
7176
7177 4412 6871 5533 397 9050 441 2438
7178
7179
7180 1769 9700
7181 9957 9384 7020
7182 608
7183
7184
7185
7186 4094 7694 7581 9140 9080
7187
7188
7189
7190 3497
7191
7192 5494
7193 987
7194 7557 6532
7195 5135
7196
7197
7198 2251 8066
7199
7200
7201
7202
7203 8542 9120 7409 5918 1941
7204 4073
7205 7935
7206 1178
7207 7392
7208
7209
7210
7211 6369 1027 2246 3648 927 4020
7212
7213
7214 2903 4616 1041 4118
7215
7216 5459
7217
7218 2153 1966
7219
7220 5528 6736 9792
7221
7222
7223
7224 1361
7225 5262
7226 783
7227
7228 6107 267
7229 7095
7230
7231 6968 9322 1582
7232
7233
7234
7235
7236 4353
7237 5079 2210
7238
7239 869 3322
7240 1166 2075 4703 7214 153 4097 526 5859
7241
7242
7243 7958
7244
7245
7246 2347
7247
7248 6787 2614 532 3204 1220 2348
7249
7250
7251
7252 9215 7621 8958
7253 7457
7254
7255 413
7256
7257 5554 6270 7777
7258 3872
7259 399
7260
7261
7262
7263
7264
7265 2819
7266
7267 446 3709
7268 9370 1305
7269 3666
7270
7271 9599 2583 822
7272 2239 556 9981 5322
7273
7274
7275 862 6978
7276
7277 1600
7278 9485
7279 9431
7280
7281 4825
7282
7283 7885
7284 2743
7285 5030 6373
7286 1375 3785 2250 4615 2818 7718
7287
7288 377
7289 3105
7290
7291
7292
7293 5173
7294 2909 9323
7295 3665 9650 8948 2987
7296 7849
7297 7221
7298
7299 7461
7300
7301 4321
7302 4077
7303 7238
7304
7305
7306 8525 3356
7307
7308
7309
7310
7311 3360
7312
7313
7314
7315 475 8157 4272 7614
7316 5282 7150 9262
7317 3111 5579
7318
7319 3924 9566 925
7320 2411
7321
7322
7323 3686 2957 6551 7583 7017 291 9511 1170 1010
7324 2292 5469
7325 6086 7985 4707 9720 7813
7326
7327
7328
7329
7330
7331
7332
7333
7334
7335
7336 2717
7337 6841 3571 897 467
7338
7339
7340 4542 7862
7341 9727 8527
7342
7343 920 3016 6862 312 831
7344
7345 2029 7158
7346 8511
7347
7348
7349
7350 9858
7351
7352 9709 7275 9169
7353
7354
7355 1243 8662 7190
7356 769 6630 7976
7357 2176
7358 5713
7359
7360 412 4307
7361
7362
7363 2747 9408
7364
7365 9315
7366
7367 9122
7368
7369 5699 9791 7562
7370
7371 5601 537
7372
7373
7374
7375 5023 663 5879 5613
7376 7738 9311
7377 5835
7378
7379
7380
7381
7382
7383
7384
7385 37
7386 1414
7387 7438 1867 4186
7388
7389 2488
7390
7391
7392
7393 4918
7394 9424 4189 7905 7251
7395 6655
7396
7397
7398 1653 9111
7399
7400
7401 3566
7402 1881
7403 6017
7404 5058
7405 6419
7406 919
7407 3217 2306 6842
7408
7409 2568
7410 7390 3495
7411
7412
7413 7963
7414
7415 7534
7416 7375 1088 850 1125 5268
7417 1126
7418 9035 2651
7419
7420 1062 4544
7421
7422
7423 2946
7424
7425
7426 2120
7427 3630
7428
7429
7430 4799
7431
7432
7433
7434 5548 9046 9420 469
7435
7436
7437
7438 8737
7439 4473
7440
7441
7442 1964 625 2472 6264 3611
7443 1327 4647
7444
7445
7446 687 6863 6730
7447
7448 592
7449 928 6671 8363
7450 9800 6394
7451 3195
7452
7453 3166 8861 229
7454
7455 5055
7456
7457
7458
7459 39
7460
7461
7462
7463 4411 818 1667 2043 6386 1946
7464 6501
7465 1343
7466 586
7467
7468 7864 3584
7469 9222 8113
7470
7471
7472
7473
7474
7475
7476 3560
7477 1977 9937
7478 4920
7479
7480 2114 7285 3931
7481
7482 2060 4965 8674 2190
7483 8531
7484
7485 2527
7486
7487 4354 5178 3871 9688 4665
7488 3691 5558
7489
7490
7491
7492
7493
7494
7495
7496
7497 2521
7498
7499
7500
7501
7502
7503
7504
7505 9984 1058 9247 7206 9494 5861
7506
7507 2830
7508 8427
7509 5069
7510 1551 1155 8803
7511
7512
7513
7514
7515 4935
7516
7517 8677 374 7076
7518
7519 2005
7520
7521
7522 3580
7523
7524
7525
7526
7527 8452
7528
7529
7530 3970
7531 2881 3068
7532 4813
7533
7534
7535
7536
7537
7538
7539 7996 9125 1033
7540 9248
7541 6022 2632
7542
7543
7544
7545 835
7546
7547
7548 9891 9087 6242 4840 8964
7549
7550
7551
7552
7553
7554 7369 9872 1280 7550 3012 9562 4115 2525 2118
7555
7556 6972 7089
7557 4474
7558
7559 1506
7560
7561 4237 1387 7589 1331 8274
7562
7563
7564 1197 9875 7199
7565 726
7566 6566
7567 3893
7568
7569
7570
7571
7572 2966 5616 2495 2794
7573
7574 7591 781
7575 8303
7576
7577
7578 6052
7579 19
7580 964 2514 7312 4663
7581 5283 883
7582 4712 1464 1207
7583 8906 29 9509 1838 807 2608
7584
7585
7586 1104
7587 1916 597 262 8015
7588
7589 6584 1139
7590 6661
7591 9540 9049 1567
7592 6420
7593
7594
7595 2497 8131 9279 1147 4044 6338 8385
7596 8383
7597 9318 4426 2945
7598 2716 7235
7599 2515
7600 9379
7601
7602
7603 3335
7604 8093
7605
7606
7607
7608
7609 108
7610 122 396
7611
7612 8513 1021
7613 567 6913 6435 6085
7614
7615 1710
7616 4929 4465
7617
7618 9159 9354 7532
7619
7620
7621 8921
7622 4857
7623
7624 1847 8331
7625
7626 2894 6669
7627
7628 9656 2693
7629 5560 2362 3881
7630 1691 53
7631
7632 1656
7633
7634
7635
7636 8899
7637
7638
7639
7640
7641 6506
7642
7643
7644
7645
7646
7647
7648
7649 874 741
7650
7651 7620
7652
7653
7654
7655 264
7656 6278
7657
7658 6114 5197 4246 3191 3725
7659
7660 7740 1075
7661 9414 5988 2722 6872
7662
7663
7664 2985
7665 5622 7747 7364
7666 6305 7853
7667 1586 4287
7668 6044
7669
7670
7671 8344
7672 1356
7673
7674
7675
7676
7677 8810
7678
7679 84 44 3168
7680
7681
7682
7683
7684
7685 3237
7686
7687
7688 9025 6106
7689
7690 5763
7691
7692
7693 8825
7694 9962
7695
7696 833 7189
7697
7698
7699
7700 1113 4197
7701 4890
7702
7703
7704 31 9475
7705 113
7706 8498 4265
7707
7708 8557 8258
7709
7710
7711
7712 3151 9835
7713 5103
7714 2012
7715 8441 6709
7716 4125
7717 8360
7718 3644
7719 9745
7720
7721
7722 1135
7723
7724
7725
7726 9822 1146 7451 2346 8647 9719 6571
7727 5881
7728 3411
7729
7730
7731
7732
7733 6239
7734
7735
7736
7737
7738
7739
7740
7741
7742 4479
7743 1320 4372
7744
7745
7746
7747 3318
7748 470 888 9375
7749 5472 3095
7750
7751 6960 2511 1565 5356 4797 694 7811 5539
7752
7753 4262 4492 2001 2949
7754 9619 2684 59 5780
7755
7756
7757
7758
7759
7760 6633 6737
7761 6935
7762 1312
7763 7676
7764 2913
7765
7766 7431
7767
7768
7769
7770 7124
7771
7772
7773 609
7774
7775 3939
7776 7530 1432
7777
7778
7779 6835 410
7780 2808 3862
7781
7782 1533
7783
7784
7785 4768
7786 2852 4676
7787
7788 2263
7789 1910
7790
7791
7792 2770 2607
7793
7794
7795 4816
7796
7797 2404
7798 5176 954 587 3279
7799 738
7800
7801 1784
7802 4837 8494 1228 1470
7803 8545
7804
7805 97
7806 1699
7807
7808 4882
7809 4957
7810 3301 6001 1306
7811
7812
7813 910 2338 6476 1757 3961
7814 3747 5827 3846 5230 9066
7815
7816 5511 6399
7817
7818 2211
7819 119
7820
7821
7822
7823
7824
7825
7826 9536
7827
7828
7829
7830 3375 2989 7730 320 6080
7831
7832 6263
7833 3552
7834
7835
7836
7837
7838 3512
7839
7840 4567
7841 1307 7132 5244
7842
7843
7844
7845
7846 1951
7847
7848
7849
7850
7851
7852 4995 212
7853
7854 4657 8410
7855
7856 6285 9293
7857
7858 9220 9434 892
7859
7860
7861 9563
7862 4359 5612
7863 5463
7864 9811
7865
7866
7867
7868 162 2775 5809
7869 4413 8927
7870
7871 5941
7872
7873 772 161
7874 2317
7875
7876 5337
7877
7878
7879
7880
7881 9005
7882
7883
7884 7040 590
7885
7886
7887 2537
7888 4983 9802
7889 1133
7890 7662 8022
7891 2817
7892
7893
7894
7895 4145
7896
7897 6211
7898
7899 4534
7900 4992
7901
7902 5927 498
7903 1085 6308
7904
7905
7906
7907
7908 3103
7909
7910
7911
7912 473
7913
7914
7915
7916 9974 2975 4063
7917
7918 6665
7919 5059 4025 6905 7861
7920 8986 2351
7921 2864
7922 2020 2130
7923 7801
7924 3228 7922 4342 1920 3399 4872
7925
7926
7927 5273
7928 4868 116
7929
7930
7931 1692 9212
7932 9534 789 8319
7933 2928
7934 2564 7869
7935
7936
7937
7938 4671
7939
7940
7941
7942
7943 4923 7328
7944
7945 8912
7946
7947 7799 8313
7948
7949 9469
7950 1543
7951
7952 9736
7953
7954
7955
7956
7957
7958
7959 7497
7960
7961
7962 8869
7963
7964 2010 5912
7965
7966 1222 4591 2140 7690
7967
7968
7969 9173
7970
7971
7972
7973
7974
7975 736
7976
7977
7978 7503
7979 4062 4315 8051
7980
7981
7982 1954
7983 8871 9583
7984
7985 5707 6870
7986 6084
7987 5253
7988 6909
7989 6609 6895 3530
7990
7991
7992 1566 9571 7555
7993 3615
7994
7995
7996 5212 1481 5007
7997 6028 8461
7998 4389
7999
8000 7606
8001 6366 8272 1794 2853 5683 8236 6494 746
8002
8003
8004 9330
8005 6070 3075 3904 1815
8006 1239 1592 9022 7446 7261 4914
8007
8008 1198
8009 3812
8010
8011 316
8012 5576 7007 1001 4866 1120 3149 5000 4040 8851 4598 4545
8013 4419 2592
8014 7380 2680 6645 7563 4855
8015
8016
8017 1298 3998 8779 6800 3277
8018
8019
8020
8021
8022
8023 5355
8024 5266 8309 3100
8025 4778 5208 9882
8026
8027
8028 900
8029 7939 8778 2669 3385
8030 3830
8031 8637
8032 6510 6743
8033
8034
8035
8036 6457
8037 8014 759
8038
8039
8040
8041
8042
8043 536
8044
8045
8046 7609 9968 7335
8047
8048
8049 5129
8050
8051 8037 9002
8052
8053
8054 8179
8055 6531
8056 9278 3087 479
8057
8058 1758 5118
8059
8060
8061 1168
8062 3332 8426 8633
8063 9789 9454 8980 7061
8064 9548 4269 335 5953
8065
8066 7721 2741
8067
8068 3233
8069 3894
8070 6793
8071 1252
8072 8140
8073 9925 4814 6848
8074
8075
8076 2814 7535 1645
8077 6115
8078
8079
8080
8081 8740
8082 706 7374
8083
8084
8085
8086
8087 5663 7410 4608 1396
8088 9584 1978 6636 2574 6013 4902 4833
8089 5182
8090 7005
8091 8054 1302
8092
8093
8094 8079
8095 8314
8096 1781 7765
8097
8098
8099
8100 8316
8101 2145 7826
8102 4252 585
8103
8104
8105 2730
8106
8107
8108
8109
8110
8111 460 497 483
8112 9068 3609 3582
8113 1902
8114
8115
8116
8117
8118
8119
8120 34
8121 3455
8122
8123 1904
8124 6526
8125
8126 5569 7345 290 8386
8127
8128 6542
8129
8130
8131 5818
8132
8133
8134 9459
8135
8136
8137
8138
8139
8140
8141
8142
8143
8144 3092
8145 9922 9425
8146 7381 4441
8147 3787 6944
8148 8760 7243
8149 697
8150 9877
8151
8152 3505 2072 2682 6370 5562
8153
8154
8155
8156
8157 3901 9481
8158
8159 4683
8160 6993 4268 2285 3244
8161 6933
8162 1100 5884 4466 8317
8163
8164
8165
8166 9364
8167
8168 3164
8169 5549 9412 1782
8170
8171
8172 2689 7945 1896
8173 9919 4144
8174
8175
8176 6383
8177 6500
8178
8179
8180 4886 9603
8181 7103
8182
8183
8184
8185 3921
8186 8756 6819
8187
8188
8189 7003 1816 8792
8190
8191
8192
8193
8194 3125 9235
8195 5341 8730 643 1511 464
8196
8197
8198
8199 3400
8200
8201
8202 8238 6967
8203
8204 5797
8205
8206 4121
8207
8208
8209
8210 5991 6524
8211 7182 1159 9543
8212 4100 6594 4387
8213
8214
8215
8216
8217 5582
8218
8219
8220 5151 6325
8221 65
8222
8223
8224 4549 1438 6827
8225 3410 1845 1532
8226 8755 1723 2764 7470
8227
8228 5878
8229
8230
8231 9171
8232
8233 2027
8234 7192 9138
8235
8236 323 3324 2789
8237
8238 6340
8239
8240 6199 8118
8241 5581
8242
8243 1124
8244 1890
8245
8246 1616
8247 6009 6738
8248
8249
8250
8251
8252 9153 9296 6045 723 5638 7605 633 9947 9520
8253
8254 5597
8255 2061 3284
8256
8257 6298 2724
8258 1594
8259 8551 7268
8260
8261 4142 5202 2380
8262 3903
8263
8264 2788
8265
8266
8267 8003
8268
8269
8270 3007 8636
8271 5732
8272 1056 9269 6672
8273
8274 9436
8275
8276
8277
8278
8279
8280 3637
8281
8282
8283
8284 5667 5623
8285 7066
8286
8287
8288
8289
8290 7416 5154
8291 4954 4930 1107
8292 8938
8293 8148 2372 3104 6478
8294
8295
8296 228
8297
8298
8299 1661
8300 861
8301
8302
8303 8183 192
8304 3783
8305 5064 8154
8306
8307
8308 105 5391 8599 2938 3520
8309
8310
8311
8312
8313 7194 6255 5184 28 5651 9753
8314
8315 142
8316 9865
8317
8318
8319
8320
8321 3734
8322 1963
8323
8324 545
8325
8326 6406 8619 6824
8327 3273 5571
8328
8329
8330
8331
8332
8333 4160 7590 3210
8334 7415
8335
8336
8337
8338 3905 624
8339
8340
8341
8342
8343 5146 2593
8344 1729
8345 1726 8010 6991 5443
8346 6439 1712 3728 2471 155 5814 9854
8347
8348
8349 6427 8758 4469 4546
8350
8351 5724
8352 4365
8353
8354 8746 5637
8355
8356
8357
8358
8359
8360
8361
8362
8363
8364 5087 7981 1618 7207 2014 4606
8365
8366
8367 3146
8368
8369
8370 3688 9189
8371
8372 6746
8373
8374 5599
8375
8376
8377
8378 8045
8379 1903 1410 9051
8380
8381 538 7211 5924 149 369
8382 2147 905
8383
8384 3745
8385 8918
8386 9941
8387
8388
8389 9510 303 1242
8390
8391
8392 2423 7112
8393
8394
8395
8396
8397 2492 6565 858
8398
8399 7844 8279
8400
8401
8402 9641
8403 4367 5166 5852 8149
8404 4749 7692
8405 5107 3834 3183
8406 503 3479 1876
8407
8408 383 7592 117
8409
8410
8411 8430
8412
8413 1520 9446
8414
8415 4481 4454
8416 7428
8417
8418 7952 5854 9521 7623
8419
8420
8421
8422
8423 1264
8424 4394
8425
8426 221
8427
8428 2476
8429
8430
8431
8432
8433 9631
8434
8435 4241
8436
8437 7659 9594
8438
8439
8440 7549
8441
8442 8187 8086
8443 6748 6687
8444 7476
8445 702 5345 7236 9196
8446
8447 2912
8448
8449
8450
8451 5993 1679 9228 7259
8452
8453
8454 1968
8455
8456 1256 3730
8457
8458
8459
8460
8461 7329
8462 9388 8726
8463
8464 4971
8465
8466 3780 2884 7588
8467 8380
8468 6395
8469
8470 6567
8471 3212
8472
8473
8474 6911 9813
8475
8476 812 2711 4458
8477
8478 5036 9208 205 7707
8479 3269 7669 956 3097
8480 4026 7356 2947
8481
8482
8483 3806 3440
8484
8485
8486
8487 5791
8488
8489 2779
8490 7673
8491 9550
8492
8493
8494 631
8495
8496 6058 7880
8497 9826 1962
8498 8914
8499
8500 6268 9155 3494 6768
8501
8502
8503
8504
8505 1241
8506
8507 299 4167
8508
8509 1257
8510
8511
8512
8513 2288
8514
8515
8516 4214
8517 5491
8518 3071 9796
8519 1823
8520
8521
8522
8523
8524 2558 8559
8525 1099
8526
8527
8528 4993 2195
8529 8573
8530
8531
8532 6915
8533
8534
8535 8087 5744 6458 9714 2235 1848
8536
8537 1598 8007 2999
8538
8539
8540 5634 8052
8541
8542
8543 6854 4033
8544
8545 9570 2648
8546 7394
8547 1771 9881 2745
8548
8549 270 8834
8550 805 809
8551 4826 6803
8552 7732
8553
8554 1265 7038 5285
8555
8556
8557
8558
8559 2499 8391 8232
8560
8561 7029
8562 1733 4900
8563
8564 1602 3999
8565 1359
8566
8567 4573 4839
8568
8569
8570
8571 1500 3251
8572 5276
8573
8574 5157 879
8575
8576
8577
8578 5408 9655
8579
8580
8581
8582 9175 440 7041
8583
8584
8585 898 1441 4603 9585
8586
8587
8588
8589
8590
8591
8592 8432 9832
8593 802 8039
8594
8595 4841 1380 9721 5082 482 2475 4338
8596
8597
8598 3594 8699 7448
8599 1884
8600
8601
8602 7961
8603 9638
8604
8605 7639
8606 3413
8607 1988
8608 1477 7978 7276 1711
8609 6759
8610
8611 1697 5215
8612
8613
8614
8615
8616
8617
8618
8619 5214
8620
8621 4423
8622 3692
8623
8624
8625 4173 3349 8440 6559
8626
8627
8628 4257 3991
8629
8630 491
8631 7909 7140
8632 8171 3989 1096 6449
8633
8634
8635 6794 9502 6430
8636 8457
8637
8638
8639
8640 4216 2893
8641 7372 3819
8642 970
8643 6638
8644 1564 4618 1791
8645 32 354 6073
8646
8647
8648 5909 2589 5624
8649
8650
8651 4323
8652 1777 7344
8653 8041 8524 2149
8654
8655
8656
8657 2222
8658
8659
8660
8661
8662 6007 5923
8663
8664 8689 406 4494 2869 8390
8665 1152 5110 1940
8666
8667 7477 9993 2059 6431 3870 2505 5084
8668
8669 7435 6622 8369
8670 5450 520 7019
8671 3792
8672 8069 3173 2258
8673
8674 2834
8675 6750
8676
8677
8678 1630 4734 5748
8679
8680
8681 2686 8939
8682
8683 6995 6519
8684
8685
8686
8687
8688
8689 9112 7055 7252 4942
8690
8691 6643 2194 867
8692 7989 2443 681
8693
8694 7427 6262 2895
8695
8696 6234 942
8697 7122 1337
8698
8699
8700
8701 9180
8702 7792 3475
8703
8704 1235
8705
8706 1907 5654 3976 715 4236 8310
8707
8708
8709
8710 3995 8177
8711
8712
8713 5301 9797
8714
8715
8716 7349 3276
8717
8718 1507 2083
8719
8720 9707
8721 8667 3252 7784 3308
8722 8395
8723 2643
8724
8725
8726
8727
8728 474 774 7674
8729
8730 2469 6159
8731 9954
8732
8733 4084 9493 12
8734 5229
8735
8736
8737
8738 1638
8739
8740 2844
8741 4457 4345
8742
8743
8744 5104
8745 6898 7540
8746 8574 1491
8747 1452
8748 2087 4547 3224 5706 4244
8749
8750 487 7879
8751 7384 6160
8752 1476 3851
8753 2552 3606 4005 5002
8754
8755 5640 2177 7373 8434 7990 5183
8756 5863 2650 372 4596 6171
8757 5705
8758 8682 946 8971 7962 265 8839
8759 5995
8760 6121 8833 2572
8761
8762 279 99
8763
8764
8765
8766 8
8767 8521 8817
8768 6507 5952
8769
8770
8771 4202
8772 9280 2829 3670
8773 5293
8774 1668 307 686 9213
8775 459 6757
8776 4499
8777
8778 1785
8779 4847
8780
8781 197 4
8782
8783 3695 4264 8233 7429
8784 2478 1066
8785
8786 89
8787 5041 3325 2518 7521 4490 6274 7493
8788 4553 2954
8789
8790 2025 7848 6327 4984
8791 1629
8792 3899 3705
8793 6023 1674 7719 5122
8794
8795 6733
8796 2555
8797
8798
8799
8800
8801 2920 4587
8802 2131
8803
8804
8805
8806
8807 9819
8808
8809
8810 2517
8811 9401 9853 6698 1971 7171 3287
8812
8813
8814 9983 3733
8815
8816
8817
8818
8819
8820
8821 1663 1676
8822 9387 5089
8823 5280
8824 1526 5402
8825
8826
8827 6829
8828
8829
8830 623 3519
8831 5461
8832 6789 5324
8833 7231 6437 9353 347
8834
8835
8836 4640 8711
8837 7831
8838 9626 9482
8839
8840
8841
8842 5097 627
8843
8844
8845 7494
8846 5906 9609
8847
8848 8458 7222
8849 4661 4377
8850
8851 9437
8852 6380 5673 7729
8853 9197 395
8854
8855
8856 9167 1378
8857 1078 5267
8858 8883 8465 9126 7709
8859 2666 7039 6984
8860
8861 2042
8862 1054
8863 8345 5143
8864 9771
8865
8866
8867 7783 2213
8868 4484
8869 3083 8190 6337
8870 9143
8871 7164
8872
8873 7350 3348
8874 1022
8875
8876 937 8785
8877 2530
8878
8879 5813 1269 4329 1943
8880
8881
8882 293 4206
8883 6397 9841
8884
8885 7580
8886 3774 2208 1098
8887 2641 6112
8888 5492
8889
8890
8891 1753
8892 2645
8893 638 9644
8894
8895 7889 3285 1796 823
8896
8897
8898
8899
8900 9275
8901 3499
8902
8903 1059 7838 6782 4765
8904 5313
8905
8906 1693 5152 3624 1153 5759
8907 4467
8908
8909 8638 4622
8910
8911 6843
8912
8913
8914 6279
8915
8916
8917
8918
8919
8920 511
8921
8922
8923 8012 6920 9331 2417 6183 5891
8924
8925 6463
8926
8927
8928 8235 8999
8929 2873 6534
8930
8931
8932
8933 2040
8934 3538 6785
8935 543 8828
8936
8937 4065 7769 2718 7921
8938 3094 8036
8939
8940
8941 653 8486 3677
8942
8943 1427 2604 4143 338 2786 6434
8944 8877 3491
8945 4766
8946 6197 4740 3662
8947 4123 5834
8948
8949 3129 661
8950
8951 7604
8952
8953
8954
8955 2587
8956 4027
8957 3597
8958
8959 3025
8960 9879
8961
8962 9856 4475 3060 5948 7900
8963 5479 2941 9812 9165 8571 6214
8964 5384 4130
8965 5758 349 6043
8966
8967 2981
8968 9525 130
8969 9496
8970
8971 4829 3798 2240 5642
8972
8973 4554
8974
8975 85 2531 7744
8976 8355
8977 7944
8978
8979
8980
8981 1268 6216 5938 8071
8982
8983 962
8984
8985 7897
8986 9836
8987
8988 8589 9324
8989 5181 8133
8990 2896 890
8991
8992
8993
8994
8995 1732 1859 4853
8996
8997
8998 101 8291 1981
8999
9000 5980 6681 4850 2409 9936 7553
9001 5738 519 5756 972 9019
9002 8837 9997 4066 712
9003 6919
9004 1465 8365 8359
9005
9006
9007
9008
9009 2879 6719 8614
9010 4292
9011
9012
9013
9014 9923 5149 4823
9015 1923
9016
9017
9018
9019 1111 4046 6654 5771 6077
9020 5377
9021
9022
9023
9024
9025 3008 4773
9026
9027
9028 1868
9029 700
9030 2969
9031 6236 2229 2023
9032 7998
9033
9034 949
9035 9071 6300
9036 3569
9037
9038
9039
9040 1519
9041
9042
9043 4456
9044
9045 2822 2970
9046
9047
9048 4720 539 683
9049 3564 9312 2294
9050 6288 1067
9051
9052
9053 9351
9054 5407
9055 9904
9056 6385
9057 2838 4055
9058 2182
9059 3486 9982
9060
9061 9037 7358
9062 6825
9063
9064
9065
9066
9067
9068 1372
9069
9070 3795 3253 5090
9071
9072
9073 9598
9074
9075
9076
9077
9078
9079 8811 3022 7914
9080 367
9081
9082
9083 1632
9084 3900
9085 5132 3241
9086 275 4293 6002 6118
9087 426 3898 9397 6625
9088 234 1185
9089
9090 9627 6673
9091
9092 7991
9093
9094 5388 9321 3503
9095 7517 1933 6717
9096 2421
9097
9098 9612
9099
9100 5210 2441 1328 4889 253
9101 2892 9528 8269 5959 2007
9102
9103 6459 1889 7079 4931 4691 5726
9104 1389 914
9105 2232
9106 5431 6695 701
9107 851 8675 2385
9108
9109
9110
9111 2185 8966
9112 2483 6417 9838 1862
9113
9114
9115 2048
9116
9117
9118 8408 1719
9119
9120
9121
9122
9123 7014
9124
9125
9126
9127 490
9128
9129
9130 2373 605
9131 3176 7102 4558 8930 6653
9132
9133 2679
9134 8640
9135
9136
9137
9138 3469 7537
9139
9140 5165 9533
9141
9142 6941 5722 6179 9206
9143 2371 3000 5062
9144
9145
9146
9147
9148 7093 871
9149
9150
9151
9152 7664 6975
9153 301
9154
9155
9156 6260
9157 2137
9158 3425
9159 8593
9160
9161 2230 9972 6838 5114 2922
9162 5417 430
9163
9164 9505 2034
9165
9166 620
9167 1026
9168
9169 5010 1673
9170
9171
9172
9173
9174 1266
9175
9176
9177 9204
9178
9179
9180
9181 30 3245
9182
9183
9184 16 4108 9245 1545
9185
9186
9187
9188
9189 8229
9190 1870 7956
9191 699 5144 5974
9192 9032 5499 8959
9193
9194
9195
9196 8847
9197
9198
9199 6200 2301 6725
9200 7244
9201
9202 5802 4737 5160 8273
9203
9204
9205
9206
9207 2363 1615 3239 9625 636 3756
9208
9209
9210 4571
9211
9212 1547
9213
9214
9215
9216
9217 8978 306
9218 8702 3062 6982 1089
9219 1965 7147
9220 3214 1522
9221
9222 4309
9223 2906 7247
9224 2578
9225
9226 3531 3918 4688
9227
9228
9229 8505 7867
9230
9231
9232
9233
9234
9235
9236 9029 5420 666 7647
9237 5163 3825
9238
9239 9044 9117
9240
9241
9242 3262
9243 6796 755 5662
9244 893
9245 3596
9246 5506
9247 9048 6162 2703 5883
9248
9249 7187 4565 2046 478
9250 6749 5086 1958 7331 6806
9251 8144 6956 5445
9252
9253
9254
9255 2734 6632
9256 6992
9257
9258
9259 6245 2227 9413 7859
9260
9261
9262
9263 6280 6828 1204 1463 5661
9264 1612 3877
9265
9266
9267 6079
9268 5245 9294 451 6620 3892 9896 9971
9269 5065 6067 693
9270 2117 5515 4340 4105
9271
9272 9199 7129 5246 6723 6624 3207 3628 2857
9273
9274
9275 4695
9276
9277
9278 3362 4222
9279 5381 6393 4861 9427 7941
9280 9347
9281 8680
9282
9283 5736
9284 8537
9285 6330 2066 3511
9286 739
9287 1083 4876
9288
9289
9290
9291 7578 7975
9292 2935
9293 5305
9294 1887 834 2358 8748 7912 4959
9295
9296 4188 5458 5788 2877 558
9297 9132
9298
9299
9300 2494
9301 2432
9302
9303 4802 4789 202 4667
9304
9305
9306 3341
9307
9308
9309 3852 6345
9310
9311
9312
9313
9314
9315
9316
9317 2063
9318 8606
9319
9320
9321 3758 5544 795 4715
9322 581
9323
9324
9325
9326
9327 8611
9328 5628 5251
9329 7653 561
9330 1450
9331 8058
9332 6795 671
9333 7579 4987
9334 6087
9335
9336 2762 2827 8029 7376 7927 6951 3386
9337
9338
9339
9340 4968
9341 3755
9342 8035
9343 9704
9344 5503
9345
9346 6174
9347
9348 2143
9349
9350
9351
9352
9353 5886 2212 847 2318
9354
9355
9356 3258 788 6137
9357
9358 5200 2375 403
9359 1141 4000 8150
9360 3424
9361
9362 7551
9363
9364
9365 1296
9366 4964 7890 4859 7646
9367 6704
9368
9369 2463 7776
9370
9371 3230
9372
9373 216 2510 2691 6916
9374
9375 47 5708
9376 6680
9377
9378
9379
9380 5669 744 5098 9623 3704 6491
9381 5606
9382
9383
9384
9385 8862 2908
9386
9387 6467
9388 9870 2226
9389
9390 5061 6706
9391
9392
9393 4602
9394
9395
9396 9058
9397 6556 7524
9398 8400 4572
9399 4966
9400 5067 8896
9401 629 3527 8044 6953 214
9402 7256
9403 1333 5776
9404 9701
9405
9406
9407
9408 2187
9409
9410
9411
9412 2993
9413 982 4438
9414 1843 7354 8268
9415
9416
9417 6727 2092
9418
9419 2919
9420
9421 8750 7365 1029 9549
9422
9423
9424
9425
9426 7280
9427
9428
9429 2444 8202 4013
9430
9431
9432
9433 488
9434 761 1277 5203 4844 5750
9435 164 4091
9436
9437
9438
9439
9440
9441 6475
9442 1695
9443 7727
9444 6598 419 9990
9445 9014 7125 8492 3449
9446 8705 9820
9447
9448
9449 544
9450 5534
9451 6170 6707 5589
9452 7882
9453
9454 549
9455 8259 1534
9456 8256 8263
9457
9458
9459
9460
9461
9462
9463 9724 3959 2233
9464
9465
9466
9467 1188
9468
9469 466
9470 4656 8710 8515
9471
9472
9473
9474 4705
9475 3231
9476 4682 3416 7287
9477 4874 7548 7004 9308 8546 2931 5272 6753 3838 6703 1648
9478
9479
9480 4472
9481
9482
9483 4281 5700 1193 2832 5483 2640
9484 6814
9485 7191
9486
9487
9488 1182
9489 6983
9490 2841
9491 2206 5762 5917 2132 2467
9492 7169
9493
9494 634
9495
9496
9497 8467 2460 824 8512
9498
9499 3465 5555 5448
9500 4446 1288 1151
9501 8339
9502 9300
9503 1211
9504 5476 223 2391
9505
9506 5423 3784
9507
9508
9509 2406 7898 8765
9510 642 5363 5696
9511 1169 7175
9512
9513 9428
9514
9515
9516 3053
9517 5717 5038
9518
9519 8285
9520 4896
9521
9522 5525 5841
9523 1767
9524 9754
9525
9526 3392
9527
9528 1231
9529 3652 6900 3522
9530 2533
9531 3563 5346
9532
9533 7619
9534
9535
9536
9537
9538 2780 3059
9539 849
9540 5933 4239 8182 9777 2932
9541 4871
9542 3737
9543
9544
9545
9546 6788 6320 8138 9622
9547 4328 1149 8147
9548 365
9549 1558
9550 8245
9551 1434
9552 3683
9553 326 2851
9554 9127 3170 3700 1643
9555
9556
9557
9558
9559
9560 9637
9561
9562
9563 7002 3697 5449 8074
9564 6877
9565 7741
9566 728
9567
9568 572
9569
9570
9571
9572
9573
9574
9575
9576
9577 5849 9948 6851
9578 3868 1597
9579
9580 5607
9581 3444 7439 9733
9582
9583
9584 7434 201
9585 3047
9586
9587 6367
9588
9589 8742
9590 876
9591
9592
9593 6172
9594 7984
9595 7689
9596 2032
9597
9598 5209
9599 5865 8370 8166 6592
9600
9601
9602 2867
9603
9604
9605
9606
9607 5885
9608 4256
9609 584 9735 5877 5911 63
9610
9611
9612
9613 2800 4526 2186 3712 1899
9614
9615 6442 207 8264 877
9616
9617
9618 2880 6074
9619 4260 8340
9620 8098 9203
9621 5875 8696 6292 4258
9622
9623 3743
9624
9625
9626
9627 7419
9628 4632 1926 1344 7894
9629 6955 6879
9630 5464 821
9631
9632 8555
9633
9634
9635 9282
9636
9637
9638
9639 1786 8227
9640
9641
9642
9643 1293
9644 7526
9645
9646 6606 674 5775 5080
9647
9648
9649
9650 8042
9651 3157
9652 3948
9653
9654
9655
9656 7491
9657 4283
9658
9659
9660
9661
9662
9663
9664 3927
9665 6413
9666 4483
9667
9668
9669
9670
9671
9672 146
9673
9674
9675 6303
9676 6769
9677 6473 922 1970 2067 4482 9332
9678 5190
9679
9680 5359
9681 8076 1092
9682 7013
9683
9684 2982
9685
9686
9687
9688 2771
9689 5263
9690
9691 8519 2929
9692 3177
9693
9694 2084
9695
9696
9697
9698
9699
9700
9701
9702
9703
9704
9705
9706 6299 2988 7705 3600 1117
9707
9708 4330 9653 878 151 4019
9709 5540 516
9710
9711 6498 9069 8596 3718
9712 415 4604 6444
9713 1094
9714 7657 3226
9715
9716
9717
9718
9719 5718
9720 7212
9721 1184
9722
9723 4564
9724
9725
9726
9727
9728 7397
9729
9730
9731
9732
9733
9734
9735 4679
9736
9737 5338 3169 3292 2796 1658 8594
9738
9739 7825
9740 7114 9226 1799 7160 8931
9741 1430
9742
9743
9744
9745
9746 5396 1620
9747
9748 3137
9749 7528 3567
9750 5518 5440
9751 1917
9752
9753
9754 3162 3986
9755
9756 8300 9156
9757
9758 3724
9759 9616
9760 2323
9761
9762 9345
9763 6360
9764
9765 6607 729 6246 8406 199 5500
9766
9767 1724
9768 4127 4560
9769
9770 2129
9771
9772
9773
9774 8388
9775 7654 8302
9776
9777 4487 9229
9778
9779 3827 2504 2414
9780
9781 9578 7366
9782 4350
9783 9202 3161
9784
9785
9786
9787 7011 684
9788 7284
9789 7229
9790 2297 3147
9791
9792 4247
9793 9569 6818 4004
9794
9795 8985
9796
9797
9798
9799 1355
9800 7820
9801
9802
9803 8397 9142 817
9804
9805 4319
9806 8478 4988 6605
9807
9808 4650
9809
9810
9811
9812
9813 3338
9814
9815
9816 2096
9817 2344 3731
9818
9819 6130
9820
9821 4405 7923 6344 344 5656 9696
9822 2110 6537 1401
9823 1400 6832
9824 6882
9825 5701 5403 8522
9826
9827 5327
9828 7443 9698
9829
9830 2991 5509 5265 3213 2656
9831
9832
9833 1759
9834 9451
9835
9836 8276
9837 5060
9838
9839 2091
9840
9841
9842 6589
9843
9844 4344
9845
9846
9847
9848
9849 4646
9850
9851
9852
9853 9628 8275
9854 9587
9855
9856 2658
9857 3211
9858
9859 1698 9640 5869
9860 5027 8520
9861 1230 3451 8819 7536 1423
9862 4335
9863 9365 8312 3407
9864
9865
9866
9867
9868 1263
9869 3515 5204
9870
9871 6111 8725 8250
9872 2070
9873 2984 6739
9874
9875
9876 9743
9877
9878
9879 5243
9880
9881
9882
9883 6513
9884 6629
9885 5485
9886
9887 7650
9888 304
9889 8308 8609 3867 359 5685 1
9890
9891 6697 2134
9892
9893
9894 8684 7250
9895
9896 9702
9897
9898 2350 4190
9899
9900 2220
9901 3477 2241 9183
9902 8829 1234
9903 6097
9904
9905 8021
9906 6195
9907
9908 7408
9909 2139
9910 1416
9911
9912 5631
9913
9914 8371 3971
9915
9916
9917 6850 4192 8287
9918 6123
9919 6981
9920 4180 548 3107
9921
9922 4527 9410
9923
9924 7577 3363 9996
9925 2586 5963
9926
9927
9928
9929
9930 5092
9931
9932
9933
9934
9935
9936 2721 5799 2244 1109
9937
9938 5334 6858
9939
9940 7245
9941 8968 866
9942
9943
9944
9945 4533 7228 7543
9946
9947
9948
9949
9950 3528 5292
9951 4561
9952
9953 616
9954
9955 1110 61
9956 7209
9957 2553 4459
9958
9959
9960
9961
9962
9963
9964 8351
9965
9966
9967 5727 1484
9968 350
9969 2133
9970
9971
9972
9973
9974
9975
9976 7953 7908 4030
9977
9978
9979
9980 9915
9981 6256
9982 9198
9983
9984 8670 2148 6529 1428 3655
9985 4485
9986 1913
9987
9988
9989 659 1505
9990
9991 8326 4716 8462 9147 2698 5735
9992
9993 8145 9662
9994 9416
9995 3911
9996
9997 9921 1063
9998 8846 2528 3936
9999
